Name=Bandit_Dash
Author=Jeffrey
MinLevel=0
JoinCost=1000

; The location of the waiting checkpoint.
; WaitLocation=waitx,waity,waitz
WaitLocation=2094.073242,-2628.886230,12.721875

RunTime=240
WinBaseXP=130000
WinBaseCash=100000
Time=22:0
Weather=7

; Vehicle Model to race with. Other models: 0=No vehicle, -1=Any vehicle
Vehicle=441

; Checkpoints
; Type=0 is a normal checkpoint
; Type=1 is an air checkpoint
; The params type and size are optional
; Format: CP=x,y,z,type,size
CP=2024.927979,-2555.022705,12.546875,0,
CP=1885.963257,-2552.575684,17.210276,0,
CP=1830.531982,-2541.929199,12.546873,0,
CP=1884.353271,-2533.506836,16.234375,0,
CP=2024.302124,-2523.311768,12.546875,0,
CP=2145.770752,-2523.843262,20.827982,0,
CP=2226.156738,-2529.073975,12.436390,0,
CP=2240.613037,-2660.270264,12.442385,0,
CP=2392.584473,-2657.751709,12.505859,0,
CP=2399.073730,-2576.157959,15.304688,0,
CP=2411.427002,-2488.119629,12.638496,0,
CP=2246.461914,-2377.031982,27.646864,0,

; Spawn Points
; If there are no spawn points, races will just be given their vehicle at the checkpoint
; Format: SPAWN=x,y,z,rotz
SPAWN=2094.073242,-2628.886230,12.721875,34.0
SPAWN=2095.709229,-2627.906250,12.721875,34.0
SPAWN=2097.589111,-2626.746582,12.721875,34.0
SPAWN=2099.894775,-2625.331055,12.721875,34.0
SPAWN=2091.913818,-2630.322266,12.721875,34.0
SPAWN=2102.039795,-2623.540771,12.721875,34.0
SPAWN=2092.953369,-2629.639404,12.721875,34.0
SPAWN=2094.991943,-2628.386475,12.721875,34.0
SPAWN=2096.615479,-2627.414307,12.721875,34.0
SPAWN=2098.707275,-2626.140381,12.721875,34.0
SPAWN=2100.583740,-2624.770752,12.721875,34.0
SPAWN=2101.387451,-2624.120361,12.721875,34.0

; Objects
; The last param (viewdistance) is optional
; Format: OBJECT=modelid,x,y,z,rotx,roty,rotz,viewdistance
OBJECT=4553,2121.508545,-2523.751465,19.306076,0.0,356.56226,0.0
OBJECT=4553,2380.708984,-2456.820313,14.942885,10.31324,5.15662,317.2817
OBJECT=4553,2363.023926,-2438.556641,17.772860,30.93973,5.15662,320.46593
OBJECT=4553,2345.352783,-2420.541016,19.934996,44.69064,4.29718,325.62255
OBJECT=4553,2300.975830,-2390.990723,24.154470,49.84727,6.87550,325.62255
OBJECT=8979,2383.084473,-2668.790283,14.555374,0.0,0.0,221.73524
OBJECT=8979,2382.107422,-2667.734375,14.555374,0.0,0.0,221.73524
OBJECT=8979,2381.166992,-2666.659668,14.555374,0.0,0.0,221.73524
OBJECT=2780,2368.104004,-2657.604736,11.764076,0.0,0.0,0.0
OBJECT=2780,2368.611328,-2661.094971,11.645771,0.0,0.0,0.0
OBJECT=2780,2368.403076,-2665.427002,11.492203,0.0,0.0,0.0
OBJECT=2780,2368.070557,-2668.542480,11.739075,0.0,0.0,0.0
OBJECT=1225,2348.973145,-2657.759521,12.714067,0.0,0.0,0.0
OBJECT=1225,2349.532715,-2669.301514,12.664068,0.0,0.0,0.0
OBJECT=3461,1898.809692,-2554.728516,14.121886,0.0,0.0,0.0
OBJECT=3461,1899.113159,-2550.693848,14.316091,0.0,0.0,0.0
OBJECT=3515,2189.189453,-2528.284424,22.962578,0.0,0.0,0.0
OBJECT=3515,2189.129883,-2524.084473,22.966530,0.0,0.0,0.0
OBJECT=3515,2189.095215,-2519.888428,22.979645,0.0,0.0,0.0
OBJECT=3524,2266.689209,-2657.859863,15.443060,0.0,0.0,266.32149
OBJECT=3524,2266.562988,-2668.535645,15.547417,0.0,0.0,266.32149
OBJECT=9833,2282.153564,-2375.187500,22.300100,352.26507,353.12451,178.76313
OBJECT=9833,2283.164307,-2374.260498,22.373192,352.26507,6.87550,213.14081

; Pickups
; Format:
;	PICKUPREPAIR=x,y,z
;	PICKUPNITRO=x,y,z
;	PICKUPVEHICLE=vehicletype,x,y,z
