; Converted Wed, 30 Dec 09 20:04:38 +1100

; The location of the waiting checkpoint. WaitLocation=x,y,z,interior
WaitLocation=1534.090698,1848.749268,10.48069
MinLevel=0
JoinCost=3000
WinBaseXP=300000
WinBaseCash=400000

Name=Bouncy
Author=Mouldy
Description=Hold on
RunTime=1000
Weather=10
Time=12

; Vehicle Model to race with. Other models: 0=No vehicle, -1=Any vehicle
Vehicle=411

; If there are no spawn points, races will just be given their vehicle at the checkpoint
; vehicletype param is optional.
; Format: SPAWN=x,y,z,rotz,vehicletype
SPAWN=1477.48584,3620.255127,939.439087,179
SPAWN=1480.187378,3620.369873,939.578674,179
SPAWN=1482.758179,3620.301025,939.578674,179
SPAWN=1485.300049,3620.324707,939.578674,179
SPAWN=1475.123901,3620.422363,939.578674,179
SPAWN=1487.876587,3620.273926,939.578674,179

; Type = 0 is a normal checkpoint. Type = 1 is an air checkpoint.
; The params type,size,vehicletype,vehiclehp and gravity are optional.
; Format: CP=x,y,z,type,size,vehicletype,vehiclehp,gravity
CP=1481.863281,3439.963379,927.195679,0,8
CP=1481.923462,3334.292236,858.829834,0,8
CP=1481.623535,2829.307373,443.671265,0,8
CP=1481.581787,2654.825684,301.105835,0,8
CP=1481.519531,2295.026855,151.548676,0,8
CP=1481.509033,2009.005493,43.065704,0,8
CP=1481.797119,1754.001099,9.8125,0,8
CP=1484.509521,1101.444214,17.822176,0,8

; Format: OBJECT=modelid,x,y,z,rotx,roty,rotz
OBJECT=5147,1481.433716,1847.646118,19.50967,0,0,270.000049375
OBJECT=5147,1481.401978,1957.895264,36.076027,0,4.297182,270.000049375
OBJECT=5147,1481.454224,2061.210205,60.26152,0,8.594364,270.000049375
OBJECT=5147,1481.492065,2142.727051,88.114372,0,12.891546,270.000049375
OBJECT=5147,1481.477783,2200.034424,117.551521,0,18.9076008,270.000049375
OBJECT=5147,1481.534668,2368.94751,187.721664,0,18.9076008,270.000049375
OBJECT=5147,1481.584839,2531.083496,255.519745,0,18.9076008,270.000049375
OBJECT=5147,1481.723389,2695.991699,324.288513,0,18.9076008,270.000049375
OBJECT=5147,1481.715332,2737.833496,359.993774,0,29.2208376,270.000049375
OBJECT=5147,1481.742432,2788.94458,411.702911,0,37.8152016,270.000049375
OBJECT=5147,1481.765015,2927.085449,533.666077,0,37.8152016,270.000049375
OBJECT=5147,1481.776489,3064.80127,655.256897,0,37.8152016,270.000049375
OBJECT=5147,1481.794067,3231.719727,788.864502,0,320.4659256,90.0000908294
OBJECT=5147,1481.844116,3365.856201,884.514282,0,320.4659256,90.0000908294
OBJECT=5147,1481.731812,3511.859131,936.911499,0,0,270.000189579