; Converted Mon, 02 Aug 10 19:30:50 -0400

; The location of the waiting checkpoint. WaitLocation=x,y,z,interior
WaitLocation=1571.556274,-1242.394287,276.877319
MinLevel=0
JoinCost=1000
WinBaseXP=500000
WinBaseCash=500000

Name=Building jumping
Author=FireFlame
Description=Jump over buildings
RunTime=180
Weather=0
Time=7

; Vehicle Model to race with. Other models: 0=No vehicle, -1=Any vehicle
Vehicle=522

; If there are no spawn points, races will just be given their vehicle at the checkpoint
; vehicletype param is optional.
; Format: SPAWN=x,y,z,rotz,vehicletype
SPAWN=1552.491455,-1357.13208,329.121979,360
SPAWN=1551.41272,-1356.521484,329.121979,360
SPAWN=1550.259521,-1356.234497,329.121979,360
SPAWN=1549.306885,-1356.510376,329.121979,360
SPAWN=1548.472534,-1356.360229,329.121979,360
SPAWN=1547.687622,-1356.440674,329.121979,360
SPAWN=1546.781982,-1356.515137,329.121979,360
SPAWN=1545.966309,-1356.323486,329.121979,360
SPAWN=1545.036743,-1356.557861,329.121979,360
SPAWN=1544.018677,-1356.673706,329.121979,360
SPAWN=1543.121948,-1356.636963,329.121979,360
SPAWN=1541.894653,-1356.677979,329.121979,360

; Type = 0 is a normal checkpoint. Type = 1 is an air checkpoint.
; The params type,size,vehicletype,vehiclehp and gravity are optional.
; Format: CP=x,y,z,type,size,vehicletype,vehiclehp,gravity
CP=1545.487915,-1347.812988,328.472717,0,8
CP=1571.556274,-1242.394287,276.877319,0,8
CP=1665.335327,-1244.620361,232.375,0,8
CP=1671.205078,-1342.972534,157.476563,0,8
CP=1685.537476,-1409.731079,83.65625,0,8
CP=1539.863403,-1520.828613,66.210938,0,8
CP=1463.732422,-1523.367676,66.210938,0,8
CP=1358.593262,-1508.356812,33.164063,0,8
CP=1379.887085,-1422.112061,29.804688,0,8
CP=1383.069336,-1318.040283,34.648438,0,8
CP=1305.512817,-1300.343262,34.657486,0,8
CP=1296.854492,-1263.165894,26.478348,0,8
CP=1241.371216,-1232.332031,24.218287,0,2
CP=1235.551514,-1237.439941,24.139591,0,2
CP=1228.476318,-1228.303101,24.289083,0,2
CP=1227.887573,-1217.457886,24.466526,0,2
CP=1231.411255,-1211.172729,24.567219,0,2
CP=1240.37439,-1213.035034,24.538483,0,2
CP=1241.515015,-1219.608398,24.429605,0,2
CP=1234.544312,-1224.241455,24.355536,0,0.4

; Format: OBJECT=modelid,x,y,z,rotx,roty,rotz
OBJECT=1634,1593.885864,-1243.047363,278.174469,0,0,270.000049375
OBJECT=1634,1673.213135,-1426.02124,84.308167,0,0,123.750043666
OBJECT=1634,1662.794556,-1432.959473,89.542526,0,0,123.750043666
OBJECT=1634,1649.520996,-1442.133789,93.237198,0,0,123.750043666
OBJECT=1634,1635.684692,-1451.885132,96.874359,0,0,123.750043666
OBJECT=1634,1622.212158,-1461.642822,100.682999,0,0,123.750043666
OBJECT=1634,1608.801147,-1470.401733,104.362152,0,0,123.750043666
OBJECT=1634,1593.744873,-1481.126343,104.741982,0,0,123.750043666
OBJECT=1634,1579.376221,-1491.962891,102.635101,341.9518356,0,123.750043666
OBJECT=1634,1546.203247,-1340.778076,329.758514,0,0,348.749977524
OBJECT=1634,1550.600952,-1319.963501,333.220428,0,0,348.749977524
OBJECT=1634,1555.358398,-1296.748169,330.346558,335.0763444,0,348.749977524
OBJECT=1634,1448.688843,-1521.788208,68.054543,8.594364,0,78.7500110576
OBJECT=1634,1364.409424,-1492.346191,34.46138,9.4538004,0,348.750003137
OBJECT=1634,1381.254395,-1415.908203,31.102005,9.4538004,0,348.750003137
OBJECT=1634,1384.265869,-1372.540771,32.231956,9.4538004,0,2.56128799947E-5
OBJECT=1634,1370.409058,-1314.625122,35.947292,9.4538004,0,78.7500110576
OBJECT=1634,1340.614014,-1309.366089,38.509029,0,0,78.7500110576
OBJECT=1634,1670.927612,-1352.107544,158.047165,351.405636,0,180.000041454
OBJECT=1634,1284.482788,-1255.59729,27.30011,0,0,56.2500234014
OBJECT=1634,1251.468506,-1235.510132,22.663603,338.51409,0,56.2500234014

