
Name=change places
Author=Mouldy
MinLevel=10
JoinCost=3000

; The location of the waiting checkpoint.
; WaitLocation=waitx,waity,waitz
WaitLocation=1477.324585,1538.552490,10.472878

RunTime=300
WinBaseXP=100000
WinBaseCash=150000
Weather=0

; Vehicle Model to race with. Other models: 0=No vehicle, -1=Any vehicle
Vehicle=508

; Checkpoints
; Type=0 is a normal checkpoint
; Type=1 is an air checkpoint
; The params type and size are optional
; Format: CP=x,y,z,type,size
CP=1476.826782,1596.617188,9.812500,0,0.0
CP=1478.230469,1672.739990,9.812500,0,0.0
CP=1414.502930,1728.958008,9.820313,0,0.0
CP=1389.813232,1636.120728,9.812500,0,0.0
CP=1431.092773,1466.925171,9.820313,0,0.0
CP=1476.424805,1335.775269,9.820313,0,0.0
CP=1423.409912,1268.861206,9.820313,0,0.0
CP=1337.461914,1392.470337,9.820313,0,0.0
CP=1357.174683,1535.186035,9.820313,0,0.0
CP=1528.060303,1577.820190,9.820313,0,0.0
CP=1802.629883,1566.054565,5.741995,0,0.0
CP=1909.701294,1524.471436,12.859763,0,0.0
CP=1972.335571,1463.209473,9.820313,0,0.0
CP=2056.957031,1455.477539,9.671875,0,0.0

; Spawn Points
; If there are no spawn points, races will just be given their vehicle at the checkpoint
; Format: SPAWN=x,y,z,rotz
SPAWN=1477.324585,1538.552490,10.472878,360.0
SPAWN=1472.521484,1539.818481,10.472878,360.0
SPAWN=1481.744873,1539.176880,10.472878,360.0
SPAWN=1479.594604,1528.752808,10.472878,360.0
SPAWN=1474.694946,1529.277832,10.472878,360.0
SPAWN=1477.324585,1518.552490,10.472878,360.0
SPAWN=1472.521484,1519.818481,10.472878,360.0
SPAWN=1481.744873,1519.176880,10.472878,360.0
; Objects
; The last param (viewdistance) is optional
; Format: OBJECT=modelid,x,y,z,rotx,roty,rotz,viewdistance

; Pickups
; Format:
;	PICKUPREPAIR=x,y,z
;	PICKUPNITRO=x,y,z
;	PICKUPVEHICLE=vehicletype,x,y,z
PICKUPNITRO=1477.015991,1586.287842,11.312500
PICKUPNITRO=1478.673218,1664.236816,11.312500
PICKUPNITRO=1422.025024,1728.417603,11.320313
PICKUPNITRO=1390.135010,1645.223022,11.312499
PICKUPNITRO=1428.539063,1473.247437,11.320312
PICKUPNITRO=1431.640137,1474.519409,11.320313
PICKUPNITRO=1425.323242,1470.249878,11.320313
PICKUPNITRO=1425.550781,1463.759277,11.320313
PICKUPNITRO=1435.707031,1472.189453,11.320313
PICKUPNITRO=1474.987427,1345.661499,11.328123
PICKUPVEHICLE=508,1477.015991,1586.287842,11.312500
PICKUPVEHICLE=474,1478.673218,1664.236816,11.312500
PICKUPVEHICLE=600,1422.025024,1728.417603,11.320313
PICKUPVEHICLE=589,1390.135010,1645.223022,11.312499
PICKUPVEHICLE=530,1428.539063,1473.247437,11.320312
PICKUPVEHICLE=530,1431.640137,1474.519409,11.320313
PICKUPVEHICLE=530,1425.323242,1470.249878,11.320313
PICKUPVEHICLE=530,1425.550781,1463.759277,11.320313
PICKUPVEHICLE=530,1435.707031,1472.189453,11.320313
PICKUPVEHICLE=411,1474.987427,1345.661499,11.328123
PICKUPVEHICLE=463,1434.310913,1272.052979,11.320313
PICKUPVEHICLE=463,1432.251343,1265.169189,11.320313
PICKUPVEHICLE=463,1428.023193,1276.472656,11.320313
PICKUPVEHICLE=463,1427.964111,1260.264282,11.320313
PICKUPVEHICLE=463,1420.370972,1262.134888,11.320313
PICKUPVEHICLE=601,1341.906616,1382.483765,11.320313
PICKUPVEHICLE=544,1352.939575,1523.856201,11.320313
PICKUPVEHICLE=539,1518.916504,1576.445557,11.320313
PICKUPVEHICLE=510,1799.685791,1570.933838,7.223789
PICKUPVEHICLE=510,1967.108887,1464.326172,11.320313
