; Converted Fri, 07 May 10 08:30:38 -0400

; The location of the waiting checkpoint. WaitLocation=x,y,z,interior
WaitLocation=2801.189209,-1570.792236,10.587834,0
MinLevel=0
JoinCost=1000
WinBaseXP=400000
WinBaseCash=400000

Name=doubleback
Author=psmo
RunTime=1000
Weather=0
Time=7:0

; Vehicle Model to race with. Other models: 0=No vehicle, -1=Any vehicle
Vehicle=522

; If there are no spawn points, races will just be given their vehicle at the checkpoint
; vehicletype param is optional.
; Format: SPAWN=x,y,z,rotz,vehicletype
SPAWN=2801.189209,-1570.792236,10.587834,271
SPAWN=2797.247559,-1570.1427,10.587834,271
SPAWN=2801.93457,-1571.84314,10.587834,271
SPAWN=2798.617188,-1572.362183,10.587834,271
SPAWN=2798.132568,-1571.265991,10.587834,271
SPAWN=2800.373291,-1569.894043,10.587834,271

; Type = 0 is a normal checkpoint. Type = 1 is an air checkpoint.
; The params type,size,vehicletype,vehiclehp and gravity are optional.
; Format: CP=x,y,z,type,size,vehicletype,vehiclehp,gravity
CP=2827.784424,-1570.373169,9.921875,0,8
CP=2914.633301,-1595.157959,13.703741,0,8
CP=3033.455566,-1635.507568,-0.156391,0,8
CP=3028.692139,-1749.426758,-0.13519,0,8
CP=2955.006348,-2042.111206,-0.239101,0,8
CP=2888.643311,-2184.923828,-0.11549,0,8
CP=2766.537354,-2284.913086,-0.072121,0,8
CP=2584.010742,-2207.686768,0.029377,0,31.6,541
CP=2582.472168,-2121.86792,-4.921584,0,8
CP=2576.556396,-2021.185669,2.859375,0,8
CP=2583.090332,-1891.229126,2.859374,0,8
CP=2496.61792,-1852.17981,0.957929,0,8
CP=2244.010986,-1848.712891,-1.134484,0,8
CP=2058.716553,-1848.873291,2.991022,0,8
CP=1952.043457,-1835.463867,5.723203,0,8
CP=1819.216919,-1813.424072,2.984375,0,8
CP=1737.390747,-1787.184082,2.984375,0,8
CP=1625.858398,-1752.547729,2.952836,0,8
CP=1618.040771,-1642.347412,12.546875,0,8
CP=1559.663208,-1590.61499,12.382813,0,8
CP=1535.864868,-1625.261719,12.382813,0,8
CP=1587.260254,-1635.901001,12.382813,0,8
CP=1593.384399,-1688.358032,4.890625,0,8
CP=1566.439941,-1701.360596,4.890625,0,8
CP=1541.338623,-1648.151733,4.890625,0,8

; Format:
; 	PICKUPREPAIR=x,y,z
; 	PICKUPNITRO=x,y,z
; 	PICKUPVEHICLE=vehicletype,x,y,z
PICKUPVEHICLE=493,2921.117188,-1597.391479,19.5203
PICKUPNITRO=2582.533203,-2117.132813,1.512482
