Name=Drift Mastarz
MinLevel=35
JoinCost=3000

; The location of the waiting checkpoint.
; WaitLocation=waitx,waity,waitz
WaitLocation=1699.415527,2203.587158,10.480690

RunTime=900
WinBaseXP=50000
WinBaseCash=50000
Weather=9

; Vehicle Model to race with. Other models: 0=No vehicle, -1=Any vehicle
Vehicle=522

; Checkpoints
; Type=0 is a normal checkpoint
; Type=1 is an air checkpoint
; The params type and size are optional
; Format: CP=x,y,z,type,size
CP=1700.487305,2190.284668,9.820313,0,
CP=1707.166992,2120.048584,9.671875,0,
CP=1713.546021,2057.143799,9.785236,0,
CP=1798.952393,2056.141846,9.828125,0,
CP=1815.545654,2083.436035,9.820313,0,
CP=1753.500488,2174.318604,9.800569,0,
CP=1723.708740,2270.969971,9.974669,0,
CP=1676.406494,2261.837158,9.820313,0,
CP=1639.879395,2262.317139,9.820313,0,
CP=1571.395264,2277.073730,9.821257,0,
CP=1570.563232,2330.653076,9.793911,0,
CP=1618.389893,2333.421631,9.820313,0,

; Spawn Points
; If there are no spawn points, races will just be given their vehicle at the checkpoint
; Format: SPAWN=x,y,z,rotz
SPAWN=1699.415527,2203.587158,10.480690,214.0
SPAWN=1695.358643,2198.579102,10.480690,214.0
SPAWN=1697.943481,2201.242432,10.480690,214.0
SPAWN=1689.930542,2196.743408,10.480690,214.0
SPAWN=1692.425659,2197.154541,10.480690,214.0

; Objects
; The last param (viewdistance) is optional
; Format: OBJECT=modelid,x,y,z,rotx,roty,rotz,viewdistance
OBJECT=981,1689.871338,2171.419189,10.623363,0.0,0.0,123.74991
OBJECT=981,1715.618896,2173.211914,10.644351,0.0,0.0,123.74991
OBJECT=984,1824.300903,2047.886108,10.613242,0.0,0.0,315.2
OBJECT=984,1831.877075,2058.267578,10.464805,0.0,0.0,337.50002
OBJECT=973,1773.252808,2165.499023,10.668345,0.0,0.0,112.49994
OBJECT=973,1769.904419,2174.757813,10.668345,0.0,0.0,112.49994
OBJECT=978,1723.291382,2178.100342,10.637208,0.0,0.0,112.49994
OBJECT=978,1728.647095,2169.190430,10.566115,0.0,0.0,134.99994
OBJECT=996,1718.457520,2282.753662,10.569068,0.0,0.0,326.24999
OBJECT=996,1726.254028,2276.713867,10.727168,0.0,0.0,303.75001
OBJECT=996,1732.279297,2262.165039,10.420630,0.0,0.0,101.24998
OBJECT=996,1680.440918,2255.795166,10.569068,0.0,0.0,56.25000
OBJECT=996,1638.626221,2250.743164,10.811255,0.0,0.0,123.74991
OBJECT=996,1630.000000,2263.064209,10.598507,0.0,0.0,303.75001
OBJECT=996,1676.049805,2250.506348,10.940633,0.0,0.0,56.25000
OBJECT=981,1665.132324,2277.406250,10.623363,0.0,0.0,89.99997
OBJECT=972,1610.803711,2279.567871,9.818322,0.0,0.0,89.99997
OBJECT=973,1571.737183,2264.879150,10.553179,0.0,0.0,337.50002
OBJECT=973,1563.134888,2270.187012,10.537458,0.0,0.0,315.2
OBJECT=973,1561.328979,2278.652832,10.660533,0.0,0.0,258.75003
OBJECT=972,1553.522095,2311.088867,9.668756,0.0,0.0,0.0
OBJECT=972,1569.345947,2333.758789,9.869289,0.0,0.0,134.99994
OBJECT=1237,1575.138672,2342.348389,10.730350,0.0,0.0,0.0
OBJECT=996,1578.748535,2343.250488,10.569068,0.0,0.0,0.0
OBJECT=996,1578.031982,2323.361572,10.569068,0.0,0.0,0.0
OBJECT=996,1587.011963,2343.572510,10.569068,0.0,0.0,0.0
OBJECT=996,1595.442261,2343.941895,10.569068,0.0,0.0,0.0
OBJECT=996,1603.749634,2344.104980,10.569068,0.0,0.0,0.0
OBJECT=996,1611.178467,2343.927002,10.755995,0.0,0.0,0.0
OBJECT=996,1606.515137,2322.454346,10.569068,0.0,0.0,0.0
OBJECT=996,1597.715454,2321.922119,10.569068,0.0,0.0,0.0
OBJECT=996,1590.215454,2322.457520,10.569068,0.0,0.0,0.0
OBJECT=996,1585.542603,2323.505127,10.651620,0.0,0.0,348.74999
OBJECT=978,1713.600464,2046.457886,10.560924,0.0,0.0,326.25005
OBJECT=978,1705.963501,2052.169434,10.652835,0.0,0.0,315.2
OBJECT=970,1699.380615,2057.439941,10.371794,0.0,0.0,326.24999
OBJECT=993,1802.574219,2062.782471,11.590348,0.0,0.0,0.0
OBJECT=993,1808.710083,2062.864990,11.590348,0.0,0.0,0.0
OBJECT=993,1805.913940,2076.233887,11.578327,0.0,0.0,303.75001
OBJECT=993,1811.152832,2067.655029,11.581203,0.0,0.0,303.75001

; Pickups
; Format:
;	PICKUPREPAIR=x,y,z
;	PICKUPNITRO=x,y,z
;	PICKUPVEHICLE=vehicletype,x,y,z
