; Converted Mon, 02 Aug 10 07:10:26 -0400

; The location of the waiting checkpoint. WaitLocation=x,y,z,interior
WaitLocation=-2395.3618,977.5089,46.8304
MinLevel=0
JoinCost=1000
WinBaseXP=500000
WinBaseCash=500000
Interior=1

Name=Drizzle
Author=Cheerios
Description=Uh..... Yeah....
RunTime=1000
Weather=3
Time=7:0

; Vehicle Model to race with. Other models: 0=No vehicle, -1=Any vehicle
Vehicle=411

; If there are no spawn points, races will just be given their vehicle at the checkpoint
; vehicletype param is optional.
; Format: SPAWN=x,y,z,rotz,vehicletype
SPAWN=2551.442627,-2885.973633,366.557068,360
SPAWN=2555.619385,-2885.678223,366.557068,360
SPAWN=2559.772705,-2885.541504,366.557068,360
SPAWN=2564.257324,-2885.295898,366.557068,360
SPAWN=2569.335449,-2885.096436,366.557068,360
SPAWN=2574.16748,-2884.954834,366.557068,360
SPAWN=2579.072754,-2884.798096,366.557068,360
SPAWN=2584.451172,-2884.611084,366.557068,360

; Type = 0 is a normal checkpoint. Type = 1 is an air checkpoint.
; The params type,size,vehicletype,vehiclehp and gravity are optional.
; Format: CP=x,y,z,type,size,vehicletype,vehiclehp,gravity
CP=2570.269043,-2824.300049,365.896698,0,31.6
CP=2295.925537,-2832.788086,365.799744,0,31.6
CP=2254.792725,-3376.40918,365.714172,0,31.6
CP=2567.841553,-2986.715332,365.75766,0,31.6
CP=2295.075928,-2784.977539,365.877197,0,31.6
CP=2158.963867,-3136.741699,365.725342,0,31.6
CP=2511.968018,-3299.999268,365.715088,0,31.6
CP=2567.705811,-3011.723389,365.7052,0,31.6
CP=2295.988037,-2869.717529,365.799744,0,31.6
CP=2158.13501,-3098.823242,365.725342,0,31.6
CP=2512.632813,-3329.959229,365.715088,0,31.6
CP=2568.213867,-2883.493164,365.896698,0,31.6

; Format: OBJECT=modelid,x,y,z,rotx,roty,rotz
OBJECT=8356,2568.226074,-2797.355225,365.920135,0,0,0
OBJECT=8344,2544.015137,-2641.864014,365.87262,0,0,180.000041454
OBJECT=8343,2455.56665,-2625.336914,365.874146,0,0,0.000140204399997
OBJECT=8343,2407.411377,-2721.420898,365.875671,0,0,180.00029625
OBJECT=8343,2318.709473,-2748.439453,365.877197,0,0,0.000624183359946
OBJECT=8356,2294.601074,-2889.857422,365.823181,0,0,0
OBJECT=8343,2270.452393,-3012.562744,365.80127,0,0,180.000608342
OBJECT=8343,2181.736328,-3039.56665,365.802795,0,0,0.000223113039965
OBJECT=8356,2157.687256,-3180.911621,365.748779,0,0,0
OBJECT=8344,2181.882324,-3336.031494,365.716644,0,0,0
OBJECT=8356,2316.428955,-3376.618896,365.73761,0,0,270.000049375
OBJECT=8344,2474.107666,-3352.460205,365.715088,0,0,89.999950625
OBJECT=8356,2516.884277,-3215.624023,365.761047,0,0,358.2811272
OBJECT=8356,2568.265625,-2925.673584,365.781097,0,0,0
OBJECT=8343,2544.623779,-3090.49707,365.714142,0,0,358.2811272
OBJECT=8356,2568.303955,-2964.367676,365.728638,0,0,0

