; Converted Mon, 12 Apr 10 13:06:33 +1000

; The location of the waiting checkpoint. WaitLocation=x,y,z,interior
WaitLocation=2846.2146,786.9035,10.8984,0
MinLevel=0
JoinCost=15000
WinBaseXP=600000
WinBaseCash=1000000

Name=Fence Jump
Author=Daz
Description=Tip: Go slow and tap W!
RunTime=600
Weather=0
Time=12:35

; Vehicle Model to race with. Other models: 0=No vehicle, -1=Any vehicle
Vehicle=0

; If there are no spawn points, races will just be given their vehicle at the checkpoint
; vehicletype param is optional.
; Format: SPAWN=x,y,z,rotz,vehicletype
SPAWN=3164.666016,848.744873,4.623822,207
SPAWN=3168.401367,849.151367,4.623822,198
SPAWN=3166.936035,844.356995,4.623822,220
SPAWN=3161,832.893066,4.623822,289
SPAWN=3162.11792,829.459534,4.623822,289

; Type = 0 is a normal checkpoint. Type = 1 is an air checkpoint.
; The params type,size,vehicletype,vehiclehp and gravity are optional.
; Format: CP=x,y,z,type,size,vehicletype,vehiclehp,gravity
CP=3168.486084,837.762207,3.963444,1,3
CP=3180.006836,833.252075,3.963444,1,3
CP=3186.303223,833.177612,3.963444,1,3
CP=3196.176758,841.231567,3.9804,1,3
CP=3208.625488,844.870178,3.9804,1,3
CP=3219.51416,844.379761,3.9804,1,3
CP=3219.543945,831.458191,3.9804,1,3
CP=3215.32251,820.063721,7.205237,1,3
CP=3211.829346,811.536194,7.205237,1,3
CP=3203.266602,803.910339,11.733795,0,3
CP=3191.346191,790.633484,0.088941,0,3
CP=3196.073486,773.181274,9.26105,0,3
CP=3201.156006,783.490601,14.321706,0,3
CP=3205.713135,795.243225,19.31008,0,3

; Format: OBJECT=modelid,x,y,z,rotx,roty,rotz
OBJECT=4199,3164.157715,838.321716,1.849999,0,0,164.152409696
OBJECT=983,3171.064697,836.699463,4.571999,0,0,68.7548547042
OBJECT=983,3177.048096,834.365295,4.571999,0,0,68.7548547042
OBJECT=983,3183.284424,833.119385,4.596999,0,0,88.5218919042
OBJECT=984,3191.344971,837.152527,4.525124,0,0,310.152746096
OBJECT=984,3202.385986,843.033264,4.500124,0,0,286.088526896
OBJECT=4199,3207.280518,850.727234,1.866954,0,0,71.4370411171
OBJECT=983,3219.508301,841.212402,4.663954,0,0,0
OBJECT=983,3219.515137,834.838562,4.716848,0,0,0
OBJECT=983,3218.472412,828.766968,4.538954,343.6707084,0,340.2329628
OBJECT=983,3216.366943,822.912598,6.363961,343.6707084,0,340.2329628
OBJECT=4199,3212.901367,815.73822,5.091792,0,0,71.4370411171
OBJECT=4199,3201.661377,784.942993,9.317715,335.9357808,87.5588330873,159.099725804
OBJECT=984,3209.966309,806.840271,9.941888,312.731055296,0,337.6546536
OBJECT=984,3208.434326,802.013977,14.066925,4.297182,91.1002584,68.7548547042
OBJECT=984,3201.314941,797.88385,14.168442,358.2811272,91.9596948,162.433536896
OBJECT=984,3197.742188,786.424988,13.429769,358.2811272,91.9596948,162.433536896

