Name=Flying Squirrels
Author=Mouldy
MinLevel=14
JoinCost=10000

; The location of the waiting checkpoint.
; WaitLocation=waitx,waity,waitz
WaitLocation=1421.8208,1681.4209,10.8203

RunTime=330
WinBaseXP=300000
WinBaseCash=200000

; Vehicle Model to race with. Other models: 0=No vehicle, -1=Any vehicle
Vehicle=425

; Checkpoints
; Type=0 is a normal checkpoint
; Type=1 is an air checkpoint
; Format: CP#=x,y,z,type,size
CP=1606.796142,1659.993408,24.136280
CP=1934.687622,1629.496093,72.438888
CP=2265.731445,1645.731567,107.565086
CP=2400.064941,1554.896484,68.746551
CP=2338.754394,1439.713256,43.268142
CP=2180.985839,1286.742187,42.916187
CP=2167.004638,1120.206054,23.505798
CP=1981.641357,968.549133,52.908214
CP=1742.143432,525.543823,1.697090
CP=1738.197753,523.665283,28.403331
CP=2177.581542,319.208709,33.263065
CP=2109.281982,55.806358,1.674819
CP=1881.533081,-75.638320,3.577186
CP=1643.878662,-25.515047,36.759586
CP=1188.723266,-384.750427,48.015602
CP=953.968261,-360.660186,63.404315
CP=484.339782,-254.370834,13.421165
CP=271.146301,-375.860473,11.576518
CP=42.113609,-526.406494,13.230058
CP=-962.379577,-311.362670,3.331606
CP=-1642.545410,-212.256530,14.325309
