Name=Fun Drive
MinLevel=30
JoinCost=3000

; The location of the waiting checkpoint.
; WaitLocation=waitx,waity,waitz
WaitLocation=1566.523438,-1236.920532,277.539795

RunTime=999
WinBaseXP=1000000
WinBaseCash=1000000
Weather=0

; Vehicle Model to race with. Other models: 0=No vehicle, -1=Any vehicle
Vehicle=522

; Checkpoints
; Type=0 is a normal checkpoint
; Type=1 is an air checkpoint
; The params type and size are optional
; Format: CP=x,y,z,type,size
CP=1565.733032,-1209.002319,278.144379,0,0.0
CP=1560.789917,-1182.109253,269.582520,0,0.0
CP=1556.995117,-1155.886963,269.043396,0,0.0
CP=1534.032959,-1081.760864,180.203125,0,0.0
CP=1439.449951,-1077.220581,212.382813,0,2.25000
CP=1439.255249,-1105.350708,213.271683,0,2.25000
CP=1437.440430,-1138.807251,220.918808,0,5.25000
CP=1416.450317,-1191.860107,194.046875,1,0.0
CP=1373.965332,-1186.179565,201.445313,1,0.0
CP=1314.094604,-1186.122559,205.146576,0,3.75001
CP=1174.385742,-1180.508911,90.411133,0,6.75001
CP=1115.890381,-1164.899780,82.053474,1,0.0
CP=1104.538086,-1139.945190,90.343620,0,0.0
CP=1086.358521,-1102.968262,87.231155,1,0.0
CP=1094.511475,-1001.007385,96.329002,0,0.0
CP=1090.486450,-944.011719,93.526642,1,0.0
CP=1089.702393,-912.822754,52.986828,1,11.10000

; Spawn Points
; If there are no spawn points, races will just be given their vehicle at the checkpoint
; Format: SPAWN=x,y,z,rotz
SPAWN=1566.523438,-1236.920532,277.539795,360.0
SPAWN=1568.652588,-1237.167480,277.539215,360.0
SPAWN=1570.872070,-1237.127686,277.539215,360.0
SPAWN=1572.271240,-1237.395264,277.536102,360.0

; Objects
; The last param (viewdistance) is optional
; Format: OBJECT=modelid,x,y,z,rotx,roty,rotz,viewdistance
OBJECT=13647,1563.517578,-1200.539307,269.575256,1.71888,19.76705,99.69463
OBJECT=13648,1558.974121,-1171.819336,266.004395,0.0,0.0,188.21669
OBJECT=13648,1554.784668,-1140.611938,259.667755,29.22084,178.65887,187.35726
OBJECT=1634,1510.313232,-1082.959839,181.500443,0.0,0.0,91.10026
OBJECT=1634,1505.262939,-1082.954224,184.642303,12.89156,0.0,89.38139
OBJECT=1634,1500.341064,-1082.961060,189.257187,22.34535,358.28113,90.24083
OBJECT=1634,1490.773438,-1082.924683,199.839172,19.76705,358.28113,89.38139
OBJECT=1634,1486.936646,-1082.983398,204.224091,28.36140,358.28113,89.38139
OBJECT=13648,1440.783936,-1108.618164,212.403778,0.0,181.23711,359.14056
OBJECT=13648,1438.625366,-1108.544800,212.419327,0.0,181.23711,359.14056
OBJECT=1633,1438.661865,-1128.974854,213.458130,0.0,0.0,174.46572
OBJECT=1633,1437.899658,-1136.285767,215.646072,0.85945,0.0,174.46572
OBJECT=1633,1410.309937,-1191.860107,195.347168,4.29718,0.0,92.6356
OBJECT=1633,1403.651123,-1192.080566,197.768143,4.29718,0.0,91.20413
OBJECT=1633,1401.892090,-1192.137695,200.025467,24.6421,0.0,91.20413
OBJECT=18367,1374.788330,-1186.011841,201.027176,6.87550,0.0,269.86305
OBJECT=18367,1343.873657,-1185.870972,200.791382,6.87550,0.0,269.86305
OBJECT=13647,1291.973389,-1185.737915,200.940353,0.0,0.0,179.62228
OBJECT=18367,1273.286011,-1185.540161,202.686295,36.95578,0.0,267.28473
OBJECT=13642,1135.479248,-1178.527466,83.870842,0.0,0.0,347.21216
OBJECT=13647,1108.882935,-1150.375610,81.550659,0.0,353.12451,116.2397
OBJECT=13647,1095.655151,-1123.715820,84.552536,357.42169,6.87550,296.50559
OBJECT=13647,1087.770752,-1083.019775,85.883209,357.42169,3.43775,86.4746
OBJECT=13647,1088.982788,-1065.513306,86.390205,357.42169,332.49804,86.4746
OBJECT=13647,1090.885254,-1032.781128,94.548157,357.42169,3.43775,86.4746
OBJECT=13647,1092.182861,-995.128235,93.999268,55.392,3.43775,86.4746
OBJECT=13647,1091.360840,-958.446045,92.053223,359.14056,185.53435,92.92296

; Pickups
; Format:
;	PICKUPREPAIR=x,y,z
;	PICKUPNITRO=x,y,z
;	PICKUPVEHICLE=vehicletype,x,y,z
PICKUPVEHICLE=411,1440.335083,-1076.518677,213.875931
PICKUPVEHICLE=522,1376.843506,-1186.271484,202.945313
