Name=Gravity Defiance
Author=KillFrenzy
Description=Yes.. it really defies gravity.
MinLevel=10
JoinCost=5000

; The location of the waiting checkpoint.
; WaitLocation=waitx,waity,waitz,interior
WaitLocation=624.743774,-1223.037720,17.812483

RunTime=180
WinBaseXP=250000
WinBaseCash=250000
Weather=0

; Vehicle Model to race with. Other models: 0=No vehicle, -1=Any vehicle
Vehicle=411

; Checkpoints
; Type=0 is a normal checkpoint
; Type=1 is an air checkpoint
; The params type and size are optional
; Format: CP=x,y,z,type,size,vehicletype,vehiclehp,gravity
CP=593.087830,-1176.079834,21.524204,,,,,0.007
CP=437.069275,-1138.573975,29.718794,,,,,0.006
CP=96.247269,-1281.633789,13.048650,,,,,0.005
CP=-258.822357,-1643.014893,14.400079,,,,,0.004
CP=-343.415466,-1952.984375,24.497570,,,,,0.003
CP=-235.318985,-2286.997070,27.228012
CP=10.033882,-2675.026123,39.336212,,,,,0.008
CP=71.2828,-2891.1011,74.3173
CP=178.826202,-2999.488281,73.295677,,,,,0.0025
CP=401.427094,-3221.419922,82.057640,,,,,0.008
CP=629.362671,-3436.758057,80.841385
CP=735.689209,-3436.322998,80.928352,,,,,0.000
CP=828.590637,-3436.341553,91.466057,,,,,-0.008
CP=1134.134766,-3436.574219,91.639160,,,,,0.008
CP=1275.1997,-3438.0801,17.3923

; Spawn Points
; If there are no spawn points, races will just be given their vehicle at the checkpoint
; Format: SPAWN=x,y,z,rotz
; SPAWN=624.743774,-1223.037720,17.812483,33.0

; Objects
; The last param (viewdistance) is optional
; Format: OBJECT=modelid,x,y,z,rotx,roty,rotz,viewdistance
OBJECT=18450,10.143980,-2716.108887,44.840508,0.0,351.40564,270.4
OBJECT=18450,18.080088,-2791.832275,56.398720,358.28113,351.40564,282.10945
OBJECT=18450,47.778419,-2859.117920,67.718697,354.84339,351.40564,304.60944
OBJECT=18450,99.757286,-2920.566162,72.940163,0.0,0.0,134.99994
OBJECT=18450,156.315567,-2977.060303,72.951927,0.0,0.0,134.99994
OBJECT=1655,185.583832,-3001.176758,74.370773,0.0,0.0,224.99995
OBJECT=1655,180.471664,-3006.288330,74.370773,0.0,0.0,224.99995
OBJECT=1655,190.748474,-3006.360352,78.979530,18.90762,0.0,225.7
OBJECT=1655,185.645493,-3011.462891,78.982567,18.90762,0.0,225.7
OBJECT=18450,421.426025,-3241.400879,81.713890,0.0,0.0,134.99994
OBJECT=18450,474.188629,-3294.210693,81.725655,0.0,0.0,134.99994
OBJECT=18450,529.808777,-3349.858398,81.687416,0.0,0.0,134.99994
OBJECT=18450,585.800049,-3405.786133,81.649178,0.0,0.0,134.99994
OBJECT=18450,648.048767,-3436.423828,80.497635,0.0,0.0,0.0
OBJECT=18450,727.391846,-3436.425293,80.584602,0.0,0.0,0.0
OBJECT=18450,785.044189,-3436.310791,100.096565,180.537,0.0,0.0
OBJECT=18450,862.404114,-3436.330322,100.134872,180.537,0.0,0.0
OBJECT=18450,942.171997,-3436.347656,100.134140,180.537,0.0,0.0
OBJECT=18450,1020.908508,-3436.337891,100.133461,180.537,0.0,0.0
OBJECT=18450,1100.548218,-3436.319336,100.157944,180.537,0.0,0.0

; Pickups
; Format:
;	PICKUPREPAIR=x,y,z
;	PICKUPNITRO=x,y,z
;	PICKUPVEHICLE=vehicletype,x,y,z
