; Converted Thu, 06 May 10 00:42:37 -0400

; The location of the waiting checkpoint. WaitLocation=x,y,z,interior
WaitLocation=1382.294922,1535.487183,10.472878
MinLevel=0
JoinCost=3400
WinBaseXP=500000
WinBaseCash=500000

Name=9Th Hole
Author=Mouldy
Description=Just Tap It In
RunTime=1000
Weather=0
Time=12

; Vehicle Model to race with. Other models: 0=No vehicle, -1=Any vehicle
Vehicle=522

; If there are no spawn points, races will just be given their vehicle at the checkpoint
; vehicletype param is optional.
; Format: SPAWN=x,y,z,rotz,vehicletype
SPAWN=1333.834106,1540.539795,44.809471,327
SPAWN=1335.512451,1538.984131,44.809471,327
SPAWN=1337.080566,1537.413574,44.809471,327
SPAWN=1338.517578,1536.202026,44.809471,327
SPAWN=1339.868896,1534.825684,44.809471,327
SPAWN=1332.511719,1541.632324,44.809471,327
SPAWN=1342.627441,1538.144165,44.809471,327
SPAWN=1340.825684,1539.42041,44.809471,327
SPAWN=1339.299194,1540.971924,44.809471,327
SPAWN=1337.9729,1542.473389,44.809471,327
SPAWN=1336.646606,1543.49939,44.809471,327
SPAWN=1335.270264,1544.700562,44.809471,327

; Type = 0 is a normal checkpoint. Type = 1 is an air checkpoint.
; The params type,size,vehicletype,vehiclehp and gravity are optional.
; Format: CP=x,y,z,type,size,vehicletype,vehiclehp,gravity
CP=1398.26709,1789.305786,64.142319,1,8
CP=1318.989746,1814.0625,128.253082,1,8
CP=1517.589966,1924.605103,40.625671,1,2.4

; Format: OBJECT=modelid,x,y,z,rotx,roty,rotz
OBJECT=17004,1474.664795,1767.705688,57.484451,269.759178,0,326.249989868
OBJECT=17004,1474.713013,1767.612915,51.104668,269.759178,0,326.249989868
OBJECT=17004,1474.616821,1767.718506,63.797028,269.759178,0,326.249989868
OBJECT=16358,1412.632935,1619.440308,26.886593,0,351.405636,226.950822803
OBJECT=17310,1520.29541,1733.134155,18.935623,180.377620513,51.5661267042,9.4538004
OBJECT=17310,1514.422485,1713.045044,12.841953,0,152.120300096,6.0160548
OBJECT=17310,1521.709351,1724.008667,18.780602,180.377620513,51.5661267042,8.594364
OBJECT=17310,1513.218506,1723.034302,12.841953,0,152.120300096,7.7349276
OBJECT=16358,1301.111206,1762.510498,76.130226,0,351.405636,195.779179167
OBJECT=17310,1181.665283,1728.634521,98.305733,0,142.561960547,197.102310152
OBJECT=17310,1173.24292,1726.831177,111.908768,7.7349276,100.44980613,202.258985848
OBJECT=17310,1174.822632,1730.311646,131.388702,7.7349276,62.6349483042,203.977858648
OBJECT=16358,1302.400635,1802.772583,127.83902,0,0,209.607510843
OBJECT=17310,1418.540405,1868.917847,132.624863,0.8594364,146.859199842,28.352316787
OBJECT=17310,1414.823242,1874.765259,132.692932,0.8594364,146.859199842,35.305157263
OBJECT=17310,1421.485962,1861.58728,132.484711,0.8594364,146.859199842,15.383421511
OBJECT=13607,1509.998047,1924.616089,37.639336,0,0,0
OBJECT=13666,1517.656494,1925.857666,34.105232,0,269.759235296,22.4999876562
OBJECT=13666,1517.855347,1925.402954,37.630447,0,269.759235296,22.4999876562
OBJECT=13666,1518.063477,1924.987549,41.02758,0,269.759235296,22.4999876562
OBJECT=13666,1518.231323,1924.585815,44.146126,0,269.759235296,22.4999876562

