; The location of the waiting checkpoint. WaitLocation=x,y,z,interior
WaitLocation=2067.0947265625,2453.166015625,9.671875,0
MinLevel=0
JoinCost=1000
WinMultiplierXP=300000
WinMultiplierCash=300000

Name=Hotknife
Author=Smallo
Description=Quick run around LV in a hotknife.
RunTime=1000
Weather=16
Time=2300

; Vehicle Model to race with. Other models: 0=No vehicle,-1=Any vehicle
Vehicle=434

; If there are no spawn points,races will just be given their vehicle at the checkpoint
; vehicletype param is optional.
; Format: SPAWN=x,y,z,rotz,vehicletype
SPAWN=2113.3740234375,2401.4482421875,15.266432762146,180,434
SPAWN=2109.3115234375,2401.51953125,15.266432762146,180,434
SPAWN=2108.9946289063,2406.7062988281,15.266432762146,180,434
SPAWN=2112.9482421875,2406.8286132813,15.266432762146,180,434
SPAWN=2112.7253417969,2412.5344238281,15.266432762146,180,434
SPAWN=2108.9765625,2412.3930664063,15.266432762146,180,434
SPAWN=2112.9360351563,2418.306640625,15.266432762146,180,434
SPAWN=2109.0610351563,2417.9091796875,15.266432762146,180,434
SPAWN=2112.2980957031,2424.3315429688,15.266432762146,180,434
SPAWN=2108.64453125,2424.650390625,15.266432762146,180,434
SPAWN=2112.068359375,2429.7365722656,15.266432762146,180,434
SPAWN=2107.927734375,2430.154296875,15.266432762146,180,434
SPAWN=2112.0639648438,2434.763671875,15.266432762146,180,434
SPAWN=2107.8088378906,2434.673828125,15.266432762146,180,434
   
; Type = 0 is a normal checkpoint. Type = 1 is an air checkpoint.
; The params type,size,vehicletype,vehiclehp and gravity are optional.
; Format: CP=x,y,z,type,size,vehicletype,vehiclehp,gravity
CP=2108.71484375,2374.7744140625,14.1171875,0
CP=2059.6279296875,2375.287109375,9.8203125,0
CP=2067.0947265625,2453.166015625,9.671875,0
CP=2227.6826171875,2459.9072265625,9.8738679885864,0
CP=2231.2080078125,2508.7861328125,9.671875,0
CP=2522.525390625,2513.4228515625,9.8203125,0
CP=2517.001953125,2052.7744140625,10.782005310059,0
CP=2353.6923828125,2039.78125,10.731925964355,0
CP=2324.0986328125,1893.3662109375,10.704154968262,0
CP=2148.658203125,1877.15625,10.679664611816,0
CP=2094.712890625,1720.7177734375,10.679664611816,0
CP=2155.2138671875,1683.626953125,10.6875,0
CP=2069.1669921875,1625.962890625,10.671875,0
CP=2052.43359375,1539.2412109375,9.671875,0
CP=2003.701171875,1544.0712890625,12.590750694275,0
CP=1943.9802246094,1533.0927734375,19.806957244873,0
CP=1855.0932617188,1537.7211914063,25.203506469727,0
CP=1785.3328857422,1518.7163085938,29.471534729004,0
CP=1724.0822753906,1525.7570800781,31.043769836426,0
CP=1643.3271484375,1506.3995361328,25.539436340332,0
CP=1499.6413574219,1492.9816894531,10.822814941406,0
CP=1480.6274414063,1318.005859375,10.8203125,0
CP=1484.9262695313,1183.6119384766,10.8203125,0
CP=1469.9403076172,1304.1683349609,10.8203125,0
CP=1448.5155029297,1452.2878417969,10.8203125,0
CP=1271.0401611328,1501.9310302734,10.8203125,0
CP=1266.9558105469,1607.1862792969,10.8203125,0
CP=1227.9526367188,1808.6197509766,6.734375,0
CP=1206.9418945313,1855.8464355469,6.7421560287476,0
CP=1096.8059082031,1831.8942871094,10.8203125,0
CP=982.41412353516,1849.5876464844,10.671875,0
CP=578.2529296875,1662.9970703125,5.46875,0

; Format: OBJECT=modelid,x,y,z,rotx,roty,rotz
OBJECT=10572,1963.4810791016,1536.8369140625,20.007856369019,0,9.9700012207031,1.9849853515625
OBJECT=10574,1900.8609619141,1532.908203125,24.851408004761,0,7.9400024414063,1.9849853515625
OBJECT=10574,1838.275390625,1527.2370605469,28.183267593384,0,7.9376220703125,1.9830322265625
OBJECT=10574,1776.1555175781,1522.6005859375,30.928211212158,0,7.1600036621094 ,0
OBJECT=10574,1650.6320800781,1514.490234375,27.861064910889,1.9549865722656,358.01498413086,0
OBJECT=1634,1266.7159423828,1638.8646240234,11.117630004883,0,0,0
OBJECT=1634,1266.6999511719,1646.9875488281,14.839017868042,0,0,0