; Converted Mon, 02 Aug 10 07:36:53 -0400

; The location of the waiting checkpoint. WaitLocation=x,y,z,interior
WaitLocation=2131.964111,-1147.200195,24.170923
MinLevel=0
JoinCost=1000
WinBaseXP=500000
WinBaseCash=500000

Name=LS Roof Style
Author=r3k1lLz
RunTime=1000
Weather=0
Time=7

; Vehicle Model to race with. Other models: 0=No vehicle, -1=Any vehicle
Vehicle=522

; If there are no spawn points, races will just be given their vehicle at the checkpoint
; vehicletype param is optional.
; Format: SPAWN=x,y,z,rotz,vehicletype
SPAWN=2131.964111,-1147.200195,24.170923,360
SPAWN=2130.043457,-1146.539429,24.208939,360
SPAWN=2128.580811,-1146.636597,24.204849,360
SPAWN=2126.883545,-1146.221069,24.257458,360
SPAWN=2134.071289,-1147.829712,24.129587,360
SPAWN=2125.409668,-1145.800293,24.30965,360
SPAWN=2124.093018,-1145.356079,24.363693,360
SPAWN=2123.020996,-1145.167358,24.342272,360
SPAWN=2122.089844,-1145.162354,24.302691,360
SPAWN=2120.978516,-1145.313477,24.24411,360
SPAWN=2119.669434,-1145.906006,24.145149,360
SPAWN=2118.642578,-1145.91748,24.153362,360
SPAWN=2117.653564,-1145.661621,24.27179,360
SPAWN=2116.680664,-1145.503418,24.381025,360

; Type = 0 is a normal checkpoint. Type = 1 is an air checkpoint.
; The params type,size,vehicletype,vehiclehp and gravity are optional.
; Format: CP=x,y,z,type,size,vehicletype,vehiclehp,gravity
CP=2126.189941,-1121.178467,24.359205,0,8
CP=2172.901855,-1090.492065,24.515625,0,4
CP=2193.146729,-1098.779175,35.439568,1,0.8
CP=2197.466064,-1091.663086,43.304688,0,1.6
CP=2167.501709,-1082.565186,34.71875,0,4
CP=2053.463379,-996.7901,50.335938,0,4
CP=2072.66748,-1000.699463,57.976563,0,4
CP=2112.150146,-1008.216736,62.84375,0,4
CP=2144.981201,-1022.271362,68.039063,0,2.4
CP=2146.130371,-1038.029053,69.914063,0,4
CP=2160.263428,-1056.484985,62.421875,0,1.6
CP=2198.667236,-1092.699219,43.304688,0,4
CP=2204.534668,-1098.767822,38.257813,0,2.4
CP=2216.780762,-1114.363892,24.617496,0,8
CP=2206.948975,-1037.660156,70.648903,0,1.6
CP=2186.190918,-1020.700806,73.879539,1,1.6

