; Converted Wed, 04 Aug 10 23:01:32 -0400

; The location of the waiting checkpoint. WaitLocation=x,y,z,interior
WaitLocation=-1616.7672,1395.4138,7.1742
MinLevel=0
JoinCost=10000
WinBaseXP=1000000
WinBaseCash=1000000
Interior=1

Name=Master of the NRG-500 3
Author=Mouldy
Description=The road to an XP zone on our old gamemode GTO
RunTime=120
Weather=0
Time=7

; Vehicle Model to race with. Other models: 0=No vehicle, -1=Any vehicle
Vehicle=522

; If there are no spawn points, races will just be given their vehicle at the checkpoint
; vehicletype param is optional.
; Format: SPAWN=x,y,z,rotz,vehicletype
SPAWN=-2321.645752,-1646.044556,483.363495,112
SPAWN=-2320.513916,-1647.022339,483.363495,112
SPAWN=-2319.901123,-1648.00647,483.363495,112
SPAWN=-2318.783203,-1649.0177,483.363495,112
SPAWN=-2322.243164,-1645.12561,483.363495,112
SPAWN=-2322.828125,-1644.457642,483.363495,112
SPAWN=-2317.708496,-1649.853271,483.363495,112
SPAWN=-2313.198975,-1648.175903,483.363495,112
SPAWN=-2313.998291,-1647.518555,483.363495,112
SPAWN=-2315.994385,-1646.717651,483.363495,112
SPAWN=-2315.711426,-1645.190063,483.363495,112
SPAWN=-2316.969238,-1644.065674,483.363495,112
SPAWN=-2317.397705,-1642.870361,483.363495,112
SPAWN=-2324.011963,-1643.064087,483.363495,112
SPAWN=-2325.215576,-1641.590454,483.363495,112
SPAWN=-2320.576904,-1640.463867,483.363495,112
SPAWN=-2320.147217,-1641.795166,483.363495,112

; Type = 0 is a normal checkpoint. Type = 1 is an air checkpoint.
; The params type,size,vehicletype,vehiclehp and gravity are optional.
; Format: CP=x,y,z,type,size,vehicletype,vehiclehp,gravity
CP=-4130.934082,-2380.708984,1218.834351,1,8

; Format: OBJECT=modelid,x,y,z,rotx,roty,rotz
OBJECT=16303,-2350.437988,-1668.861572,479.0401,0,0,220.625517174
OBJECT=10809,-2454.845703,-1721.169922,509.918732,334.216767796,270.618531491,117.18375207
OBJECT=10809,-2619.093018,-1803.749512,587.070679,334.216767796,270.618531491,117.18375207
OBJECT=10809,-2783.061279,-1886.240601,664.318115,334.216767796,270.618531491,117.18375207
OBJECT=969,-2859.971924,-1922.677979,718.509277,271.478025187,0,208.593350278
OBJECT=1437,-2867.708496,-1928.665405,718.757629,292.104498787,0,117.656556681
OBJECT=1437,-2873.01123,-1931.44812,720.027588,292.104498787,0,117.656556681
OBJECT=13647,-2885.874512,-1935.736084,718.32312,0,0,205.155547382
OBJECT=13647,-2896.374512,-1943.37854,721.009705,0,0,206.874420182
OBJECT=9339,-2925.821045,-1956.310547,722.188416,3.43768830424,269.003707792,289.062208523
OBJECT=13647,-2918.744873,-1951.083252,719.30542,0,0,205.155547382
OBJECT=9339,-2944.043945,-1963.192017,721.07251,3.43768830424,269.003707792,294.218769627
OBJECT=10809,-3053.391602,-2016.235718,742.734558,334.216767796,270.618531491,116.324372965
OBJECT=1245,-2953.363037,-1966.416138,721.445251,0,348.827186596,27.6566060562
OBJECT=10809,-3218.94751,-2096.361084,819.794434,334.216767796,270.618531491,116.324372965
OBJECT=969,-3296.432617,-2131.379395,873.910034,271.478025187,0,211.171659478
OBJECT=3330,-3312.467041,-2142.413818,867.920227,0.85937910424,128.91546,30.3122645322
OBJECT=3330,-3357.035645,-2168.595215,913.948914,358.280986996,133.212642,26.0150825322
OBJECT=10809,-3480.365967,-2227.379639,991.742188,334.216767796,270.618531491,116.324372965
OBJECT=10809,-3656.357422,-2312.819336,1068.707153,334.216767796,270.618531491,116.324372965
OBJECT=969,-3733.814209,-2347.675293,1122.972656,270.618531491,0,205.937749098
OBJECT=13642,-3753.6521,-2370.929932,1124.784058,0,0,255.15761443
OBJECT=13642,-3779.980957,-2375.662598,1127.376953,0,0,113.2050772
OBJECT=10809,-3884.317627,-2360.837402,1158.442505,338.513949796,270.618531491,93.8243853092
OBJECT=1437,-3762.677246,-2357.213379,1126.125854,310.152605891,0,95.0792770447
OBJECT=1437,-3768.173828,-2357.711914,1128.888062,292.104498787,0,95.0792770447
OBJECT=1437,-3773.996094,-2358.129395,1129.605103,262.883603891,0,89.9225440532
OBJECT=8356,-4062.147949,-2376.562012,1218.857788,0,0,273.515004047

