
Name=OUTBACK BASH
Author=Full_Metal
MinLevel=0
JoinCost=3000

; The location of the waiting checkpoint.
; WaitLocation=waitx,waity,waitz
WaitLocation=379.0162,2540.6243,16.5391

RunTime=9900
WinBaseXP=100000
WinBaseCash=100000
Weather=0

; Vehicle Model to race with. Other models: 0=No vehicle, -1=Any vehicle
Vehicle=470

; Checkpoints
; Type=0 is a normal checkpoint
; Type=1 is an air checkpoint
; The params type and size are optional
; Format: CP=x,y,z,type,size
CP=419.079529,2486.973633,15.484375,0,0.0
CP=404.328369,2490.019043,16.039532,0,0.0
CP=392.438599,2490.497559,15.484375,0,0.0
CP=381.614258,2492.174805,15.484375,0,0.0
CP=373.613312,2492.958740,17.877983,0,0.0
CP=366.878235,2487.811768,21.969952,0,0.0
CP=355.181244,2485.982178,20.672836,0,0.0
CP=343.511841,2482.185791,27.873943,0,0.0
CP=328.328888,2491.436523,22.680155,0,0.0
CP=291.793945,2495.247314,15.484375,0,0.0

; Spawn Points
; If there are no spawn points, races will just be given their vehicle at the checkpoint
; Format: SPAWN=x,y,z,rotz
SPAWN=425.566650,2481.732666,16.544746,93.0
SPAWN=424.976837,2486.916748,16.469748,93.0
SPAWN=424.566528,2492.885498,16.594746,93.0
SPAWN=430.250336,2484.635986,16.469748,93.0
SPAWN=429.777496,2490.410645,16.419748,93.0

; Objects
; The last param (viewdistance) is optional
; Format: OBJECT=modelid,x,y,z,rotx,roty,rotz,viewdistance
OBJECT=752,412.888336,2478.968018,14.124557,0.0,0.0,0.0
OBJECT=867,411.896454,2482.241455,15.666443,0.0,0.0,120.32104
OBJECT=867,412.654633,2484.485107,15.916439,0.0,0.0,120.32104
OBJECT=867,411.659882,2486.892090,15.691442,0.0,0.0,120.32104
OBJECT=867,410.876770,2490.697021,15.541445,0.0,0.0,91.20374
OBJECT=867,411.042633,2493.796143,16.292704,0.0,0.0,126.44069
OBJECT=867,410.852417,2488.510010,15.941439,0.0,0.0,126.44069
OBJECT=694,405.475159,2486.354492,20.186653,0.0,0.0,0.0
OBJECT=18273,348.325958,2497.886230,16.099045,0.0,0.0,218.19293
OBJECT=750,398.687531,2490.113525,14.770124,0.0,81.64646,264.60262
OBJECT=879,405.460541,2489.770264,15.372030,0.0,0.0,7.73494
OBJECT=694,383.437897,2492.451416,21.461632,0.0,0.0,66.17660
OBJECT=694,365.824524,2486.973389,21.461632,0.0,353.12451,297.36542
OBJECT=867,390.618561,2490.771973,15.791441,0.0,0.0,0.0
OBJECT=867,391.092133,2486.849609,16.041437,0.0,0.0,0.0
OBJECT=16061,332.157410,2476.760010,14.621809,0.0,0.0,137.50989
OBJECT=791,314.317535,2485.373779,15.829086,0.0,0.0,0.0
OBJECT=698,292.886749,2487.857666,21.718842,0.0,0.0,0.0
OBJECT=18228,356.407990,2487.137207,5.765010,326.48198,328.20085,312.73107
OBJECT=17027,319.615784,2496.239990,17.185162,302.41776,351.40564,268.14404
OBJECT=4012,397.437134,2500.840576,15.585453,0.0,268.89969,265.46206
OBJECT=4012,318.468536,2507.133545,15.631878,0.0,268.89969,265.46206
OBJECT=10984,353.774353,2484.442383,18.193668,0.0,0.0,0.0
OBJECT=10984,365.940674,2490.033447,17.411797,0.0,0.0,0.0
OBJECT=879,404.731079,2482.172852,16.696983,0.0,0.0,150.40143
OBJECT=879,400.746124,2479.521484,16.183880,0.0,0.0,345.49350
OBJECT=10984,327.902313,2485.238525,17.228907,1.71888,17.18873,0.0
OBJECT=4012,341.429688,2467.125244,15.585453,0.0,269.75913,90.24094
OBJECT=4012,433.304443,2461.768799,15.593246,0.0,268.89969,179.72604

; Pickups
; Format:
;	PICKUPREPAIR=x,y,z
;	PICKUPNITRO=x,y,z
;	PICKUPVEHICLE=vehicletype,x,y,z
