
Name=Rainy Days Can Suck
Author=Cheerios
MinLevel=0
JoinCost=700

; The location of the waiting checkpoint.
; WaitLocation=waitx,waity,waitz
WaitLocation=1557.434204,-1361.097900,329.113312

RunTime=120
WinBaseXP=35000
WinBaseCash=50000
Weather=8

; Vehicle Model to race with. Other models: 0=No vehicle, -1=Any vehicle
Vehicle=522

; Checkpoints
; Type=0 is a normal checkpoint
; Type=1 is an air checkpoint
; The params type and size are optional
; Format: CP=x,y,z,type,size
CP=1502.350342,-1349.776978,316.478180,0,
CP=1427.353516,-1338.357910,273.701569,0,
CP=1269.945068,-1314.691528,162.452789,0,
CP=1211.727051,-1306.219360,141.384628,0,
CP=1021.687927,-1275.638916,89.349861,0,
CP=919.813660,-1249.354858,85.857376,0,
CP=756.690918,-1210.461304,74.555374,0,
CP=635.431396,-1193.145996,70.791641,0,
CP=597.083435,-1187.036011,76.302673,0,

; Spawn Points
; If there are no spawn points, races will just be given their vehicle at the checkpoint
; Format: SPAWN=x,y,z,rotz
SPAWN=1557.434204,-1361.097900,329.113312,89.0
SPAWN=1557.388550,-1359.186157,329.121307,89.0
SPAWN=1557.443604,-1357.385010,329.121307,89.0
SPAWN=1557.461792,-1355.757080,329.121307,89.0
SPAWN=1557.496704,-1354.340820,329.121307,89.0
SPAWN=1557.194092,-1352.640625,329.121307,89.0
SPAWN=1557.144775,-1350.791626,329.121307,89.0
SPAWN=1557.166260,-1348.823486,329.121307,89.0
SPAWN=1557.305908,-1346.445557,329.121307,89.0

; Objects
; The last param (viewdistance) is optional
; Format: OBJECT=modelid,x,y,z,rotx,roty,rotz,viewdistance
OBJECT=18450,1489.207642,-1347.770264,309.423615,0.0,333.35747,351.40564
OBJECT=1225,1525.653809,-1351.370361,327.649475,0.0,0.0,0.0
OBJECT=1225,1525.370972,-1353.954468,327.560852,0.0,0.0,0.0
OBJECT=2780,1527.185913,-1353.063599,327.607361,0.0,356.45868,92.12322
OBJECT=18450,1406.832520,-1335.605103,259.817657,0.0,328.20085,351.40564
OBJECT=18450,1344.477661,-1326.177979,211.600540,0.0,317.2817,351.40564
OBJECT=18450,1280.032349,-1316.441895,167.015381,0.0,334.21691,351.40564
OBJECT=18450,1206.519409,-1305.322754,139.652206,0.0,345.38958,351.40564
OBJECT=13593,1165.658203,-1303.772827,130.623779,0.0,0.0,78.74999
OBJECT=13593,1167.347656,-1294.709473,130.638672,0.0,0.0,78.74999
OBJECT=13593,1166.542480,-1299.057251,130.563950,0.0,0.0,78.74999
OBJECT=1225,1165.451050,-1296.561523,130.312149,0.0,0.0,0.0
OBJECT=1225,1164.800659,-1301.104370,130.350510,0.0,0.0,0.0
OBJECT=2780,1164.397339,-1301.160767,130.268250,0.0,0.0,90.9
OBJECT=2780,1165.131104,-1296.583130,130.429657,0.0,0.0,90.9
OBJECT=18450,1061.275513,-1282.046997,98.714966,0.0,345.38958,351.40564
OBJECT=18450,987.736450,-1266.753052,87.425423,0.0,357.42169,345.38958
OBJECT=18450,910.723022,-1246.681519,85.513626,0.0,0.0,345.38958
OBJECT=13422,745.491943,-1211.901245,77.049263,0.0,0.0,78.75013
OBJECT=1634,611.709473,-1194.350098,72.830650,0.0,0.0,82.18780
OBJECT=1634,612.263611,-1190.286743,72.628723,0.0,0.0,82.18780
OBJECT=1634,612.817505,-1186.188599,72.524979,0.0,0.0,82.18780
OBJECT=1634,613.387939,-1182.053955,72.581001,0.0,0.0,82.18780
OBJECT=1634,611.166077,-1198.530151,72.980263,0.0,0.0,82.18780
OBJECT=1632,1538.343018,-1352.407227,327.912567,347.96791,0.0,87.42179
OBJECT=1225,613.399536,-1198.926514,73.225998,0.0,0.0,0.0
OBJECT=1225,613.630432,-1195.735474,73.160027,0.0,0.0,0.0
OBJECT=1225,615.853455,-1182.315186,73.019371,0.0,0.0,0.0
OBJECT=1225,615.077698,-1185.240356,73.019371,0.0,0.0,0.0
OBJECT=2780,616.968140,-1198.824219,71.488609,0.0,0.0,78.75007
OBJECT=2780,619.637207,-1183.291870,70.587204,0.0,0.0,78.75013

; Pickups
; Format:
;	PICKUPREPAIR=x,y,z
;	PICKUPNITRO=x,y,z
;	PICKUPVEHICLE=vehicletype,x,y,z
