; Converted Fri, 07 May 10 08:30:38 -0400

; The location of the waiting checkpoint. WaitLocation=x,y,z,interior
WaitLocation=2311.498535,1943.122437,39.120312,0
MinLevel=0
JoinCost=1337
WinBaseXP=400000
WinBaseCash=400000

Name=sk0t's I put my name in the race name
Author=sk0t
Description=Like you cant read the author Pffff
RunTime=1000
Weather=0
Time=7:0

; Vehicle Model to race with. Other models: 0=No vehicle, -1=Any vehicle
Vehicle=411

; If there are no spawn points, races will just be given their vehicle at the checkpoint
; vehicletype param is optional.
; Format: SPAWN=x,y,z,rotz,vehicletype
SPAWN=2311.498535,1943.122437,39.120312,90
SPAWN=2311.508057,1946.299683,39.120312,90
SPAWN=2311.562988,1949.641113,39.120312,90
SPAWN=2311.594238,1953.039673,39.120312,90
SPAWN=2311.592773,1956.512817,39.120312,90
SPAWN=2311.61792,1960.229858,39.120312,90
SPAWN=2319.318115,1943.818726,39.120312,90
SPAWN=2319.287354,1948.442993,39.120312,90
SPAWN=2319.037598,1953.037598,39.120312,90
SPAWN=2318.713379,1958.507813,39.120312,90
SPAWN=2325.555664,1951.859863,39.120312,90

; Type = 0 is a normal checkpoint. Type = 1 is an air checkpoint.
; The params type,size,vehicletype,vehiclehp and gravity are optional.
; Format: CP=x,y,z,type,size,vehicletype,vehiclehp,gravity
CP=2270.214111,1946.01062,38.863686,0,8
CP=2187.734619,1945.580688,67.048096,0,8
CP=2285.868652,1917.629883,67.048096,0,8
CP=2318.988281,1867.088989,54.928013,0,8
CP=2257.506348,1732.893311,23.026674,0,8
CP=2141.377686,1591.723389,31.055782,0,8
CP=2137.363037,1498.725952,30.171875,0,8
CP=2102.730225,1402.606201,15.109306,0,8
CP=2212.280518,1401.435547,15.478636,0,8
CP=2321.750244,1283.986206,94.064163,0,8
CP=2230.216064,1285.279785,26.021652,0,8,522
CP=2191.703369,1194.729736,25.128448,0,8
CP=2181.369873,1161.049072,22.340242,1,1.6

; Format: OBJECT=modelid,x,y,z,rotx,roty,rotz
OBJECT=13647,2216.624756,1947.4375,60.213448,0,201.108633262,0.48094060944
OBJECT=13647,2216.607422,1945.244507,60.206871,0,201.108633262,0.48094060944
OBJECT=13647,2254.663574,1947.746216,45.486794,0,201.108633262,0.48094060944
OBJECT=13647,2253.112793,1945.523315,46.073151,0,201.108633262,0.48094060944
OBJECT=1632,2171.818359,1948.740479,68.348206,0,0,89.999950625
OBJECT=1632,2171.820313,1944.619019,68.348206,0,0,89.999950625
OBJECT=1634,2315.403564,1814.126953,55.975315,0,0,146.249948413
OBJECT=13648,2263.93457,1742.419922,22.712351,0,89.3813283042,143.421396947
OBJECT=13648,2264.218994,1742.574707,22.697111,0,268.144500575,144.280833347
OBJECT=13648,2272.736816,1754.590088,22.679085,0,89.3813283042,143.421396947
OBJECT=13648,2273.664063,1754.163818,22.324976,0,268.144500575,144.280833347
OBJECT=1894,2149.185547,1627.849854,18.74538,1.7188728,24.9236556,78.7499854447
OBJECT=13648,2137.325195,1568.436523,29.820091,0,89.3813283042,172.796933099
OBJECT=13648,2138.7146,1572.928955,29.793293,0,268.144500575,172.874167783
OBJECT=1634,2136.00708,1556.789551,31.22279,0,0,176.56215565
OBJECT=13647,2170.5625,1401.705566,10.333467,0,0,0
OBJECT=1633,2303.22168,1280.015381,68.464928,294.682890896,0,89.999950625
OBJECT=1633,2302.697021,1284.07959,67.840614,294.682890896,0,89.999950625
OBJECT=1633,2302.598633,1288.054688,67.750053,294.682890896,0,89.999950625
OBJECT=1634,2250.18335,1285.381958,19.267235,0,0,89.999950625
OBJECT=13648,2217.369141,1257.068848,25.611629,0,0,157.499913594
OBJECT=13648,2203.036377,1222.520264,25.538885,0,0,337.499929435
OBJECT=13638,2190.907959,1196.169556,30.532995,85.0841463042,211.525518092,186.075397366
OBJECT=13590,2187.197021,1182.235474,23.869514,0,179.622551375,159.450547743

; Format:
; 	PICKUPREPAIR=x,y,z
; 	PICKUPNITRO=x,y,z
; 	PICKUPVEHICLE=vehicletype,x,y,z
PICKUPNITRO=2141.522217,1589.463989,32.446415
