; Converted Sun, 27 Jun 10 19:41:51 -0400

; The location of the waiting checkpoint. WaitLocation=x,y,z,interior
WaitLocation=-1459.6801,-659.5016,27.3649
MinLevel=0
JoinCost=1500
WinBaseXP=500000
WinBaseCash=500000

Name=Smokey and the Bandit
Author=Slick
RunTime=900
Weather=2
Time=7:0

; Vehicle Model to race with. Other models: 0=No vehicle, -1=Any vehicle
Vehicle=603

; If there are no spawn points, races will just be given their vehicle at the checkpoint
; vehicletype param is optional.
; Format: SPAWN=x,y,z,rotz,vehicletype
SPAWN=501.880249,909.553589,-31.64554,264
SPAWN=491.409851,873.396118,-30.058535,264,515
SPAWN=530.545593,934.080261,-24.440594,122,598
SPAWN=525.083984,940.26355,-25.248196,132,598
SPAWN=518.036255,946.092957,-25.406704,144,598
SPAWN=529.432678,951.605713,-22.587624,132,598
SPAWN=535.714966,942.166748,-24.275249,122,598
SPAWN=516.819519,830.226257,-25.921932,44,598
SPAWN=527.273315,828.010864,-26.82399,44,598
SPAWN=519.854492,817.65155,-24.927994,44,598
SPAWN=527.607971,818.700806,-26.254219,44,598
SPAWN=660.242432,949.627808,-34.858242,89,598
SPAWN=649.586121,949.031982,-35.014229,99,598
SPAWN=639.52948,944.006287,-35.48859,144,598
SPAWN=601.984802,840.017944,-43.511631,360,598
SPAWN=610.038513,843.304932,-43.307686,360,598
SPAWN=617.205566,845.775269,-43.11832,360,598
SPAWN=639.607239,895.69574,-43.083439,11,598
SPAWN=649.449951,890.367676,-42.157852,192,598
SPAWN=636.310669,882.918884,-43.090939,192,598
SPAWN=672.025574,973.251831,-12.827273,99,598
SPAWN=672.328308,964.986633,-12.779449,89,598
SPAWN=680.269165,753.042786,-6.621543,89,598
SPAWN=681.537292,744.059998,-5.201066,89,598
SPAWN=749.555481,897.463928,-1.321128,11,598
SPAWN=752.358337,885.502502,-1.326423,192,598
SPAWN=758.077087,900.665161,-1.37865,22,598
SPAWN=760.912476,885.495605,-1.367324,178,598

; Type = 0 is a normal checkpoint. Type = 1 is an air checkpoint.
; The params type,size,vehicletype,vehiclehp and gravity are optional.
; Format: CP=x,y,z,type,size,vehicletype,vehiclehp,gravity
CP=-2226.717773,2303.510254,10.759991,0,16

; Format: OBJECT=modelid,x,y,z,rotx,roty,rotz
OBJECT=8947,-2231.356934,2303.422852,6.981423,0,0,270.000049375
OBJECT=1228,805.108215,846.667969,8.856177,0,0,0
OBJECT=1228,805.295776,844.738708,8.847783,0,0,11.250022476
OBJECT=1228,805.824219,843.055786,8.816408,0,0,22.4999876562
OBJECT=1228,806.472168,841.473022,8.806634,0,0,22.4999876562
OBJECT=1228,807.41095,840.052429,8.844569,0,0,44.9999753125
OBJECT=1228,808.768555,839.005798,8.959577,0,0,67.4999629687
OBJECT=1423,803.670166,841.0625,8.705619,0,0,292.500037031
OBJECT=1423,805.183655,837.500366,8.690845,0,0,292.500037031
OBJECT=1423,802.159851,844.657654,8.526322,0,0,292.500037031
OBJECT=1222,803.946045,844.690369,8.66036,0,0,0
OBJECT=1222,806.690735,844.600159,9.076817,0,0,0
OBJECT=1222,804.62915,841.917664,8.647168,0,0,0
OBJECT=1222,808.671143,840.62439,9.0984,0,0,0
OBJECT=1222,806.284668,838.077393,8.634364,0,0,0
OBJECT=16401,796.984741,839.556335,5.337986,358.2811272,357.4216908,11.250022476

; Format:
; 	PICKUPREPAIR=x,y,z
; 	PICKUPNITRO=x,y,z
; 	PICKUPVEHICLE=vehicletype,x,y,z
PICKUPREPAIR=808.537903,842.598755,10.23595
PICKUPREPAIR=707.894409,916.185547,-18.147034
PICKUPREPAIR=492.153351,781.798767,-21.579723
PICKUPREPAIR=456.570343,801.862427,6.934027
PICKUPVEHICLE=515,1033.350342,887.558716,14.554688
