Name=Soap's Clean Getaway
Author=Mouldy
MinLevel=5
JoinCost=8000

; The location of the waiting checkpoint.
; WaitLocation=waitx,waity,waitz
WaitLocation=-2465.302490,2234.330566,4.539756

RunTime=560
WinBaseXP=150000
WinBaseCash=100000

; Vehicle Model to race with. Other models: 0=No vehicle, -1=Any vehicle
Vehicle=411
VehicleComponents=1010

; Checkpoints
; Type=0 is a normal checkpoint
; Type=1 is an air checkpoint
; Format: CP#=x,y,z,type,size
CP=-2482.634521,2383.139648,12.875154
CP=-2586.374267,2490.334228,21.374109
CP=-2688.074707,2425.950195,52.413299
CP=-2772.361328,2377.943603,79.183998
CP=-2752.321044,2581.658691,93.335945
CP=-2353.469726,2672.256591,57.975044
CP=-1994.619750,2598.513671,50.831520
CP=-1759.085449,2229.529052,22.177562
CP=-1619.578247,1883.269531,16.402141
CP=-1314.350463,1730.781982,16.736228
CP=-1076.838012,1420.071777,29.492046
CP=-844.990051,946.427490,25.205121
CP=-542.020996,616.461730,16.428693
CP=115.145675,694.309997,5.562625
CP=551.344482,696.680847,2.989096
CP=1141.273803,861.355529,10.409740
CP=1542.714599,853.598022,6.539747
CP=2105.780029,850.711303,6.455081
CP=2661.587890,950.225402,6.455399
CP=2881.507568,1082.130981,10.625540
