; Converted Thu, 03 Jun 10 03:53:04 -0400

; The location of the waiting checkpoint. WaitLocation=x,y,z,interior
WaitLocation=-1491.3241,1204.2114,7.1875,0
MinLevel=0
JoinCost=1000
WinBaseXP=100000
WinBaseCash=100000

Name=Super_High_Jump
Author=Woozie
Description=Jump Jump FTW
RunTime=1000
Weather=17
Time=7:0

; Vehicle Model to race with. Other models: 0=No vehicle, -1=Any vehicle
Vehicle=402

; If there are no spawn points, races will just be given their vehicle at the checkpoint
; vehicletype param is optional.
; Format: SPAWN=x,y,z,rotz,vehicletype
SPAWN=-1488.923584,1222.438232,203.136673,271
SPAWN=-1489.181641,1212.55957,203.136673,271
SPAWN=-1489.189941,1215.205322,203.136673,271
SPAWN=-1489.097046,1217.67395,203.136673,271
SPAWN=-1489.119019,1220.031128,203.136673,271
SPAWN=-1320.768555,1222.433228,203.144699,89
SPAWN=-1320.738525,1219.897583,203.144699,89
SPAWN=-1320.830933,1217.392944,203.144699,89
SPAWN=-1320.920654,1214.931763,203.144699,89
SPAWN=-1320.935547,1212.275635,203.144699,89

; Type = 0 is a normal checkpoint. Type = 1 is an air checkpoint.
; The params type,size,vehicletype,vehiclehp and gravity are optional.
; Format: CP=x,y,z,type,size,vehicletype,vehiclehp,gravity
CP=-1405.230225,1235.532349,202.098892,0,12
CP=-1406.386475,1506.726685,11.46904,0,16
CP=-1402.635742,1672.060425,0.186176,0,16

; Format: OBJECT=modelid,x,y,z,rotx,roty,rotz
OBJECT=18450,-1406.207642,1475.451172,11.12529,0,0,270.000049375
OBJECT=18450,-1406.216431,1474.816284,11.318515,0,357.4216908,270.000049375
OBJECT=18450,-1406.210083,1475.54834,10.778674,0,355.702818,270.000049375
OBJECT=18450,-1406.202393,1465.583374,16.020199,0,352.2650724,270.000049375
OBJECT=18450,-1406.170044,1462.805176,18.422955,0,349.6867632,270.000049375
OBJECT=18450,-1406.07019,1459.306396,22.700493,0,344.5301448,270.000049375
OBJECT=18450,-1405.928589,1441.988647,30.41819,0,337.6546536,270.000049375
OBJECT=18450,-1405.877563,1426.365845,39.779846,0,331.6385988,270.000049375
OBJECT=18450,-1405.758911,1402.437378,57.547325,0,325.622544,270.077398651
OBJECT=18450,-1405.697754,1388.729126,70.354958,0,321.325362,270.077398651
OBJECT=18450,-1405.688477,1381.713867,81.882301,0,314.449928096,270.077398651
OBJECT=18450,-1405.250977,1363.514282,103.519165,0,309.293309696,271.718922175
OBJECT=18450,-1405.057983,1348.88916,123.255959,0,305.855564096,270.859485775
OBJECT=18450,-1404.715332,1335.842407,144.465347,0,302.417818496,270.859485775
OBJECT=18450,-1404.684692,1323.828247,166.597549,0,298.980072896,270.000049375
OBJECT=18450,-1404.702759,1265.200928,201.755142,0,0,270.000049375
OBJECT=18450,-1357.680176,1217.524048,201.860947,0,0,0
OBJECT=18450,-1452.106445,1217.621948,201.852921,0,0,0
OBJECT=1634,-1411.924194,1514.922729,12.766357,0,0,0
OBJECT=1634,-1408.22998,1514.953003,12.766357,0,0,0
OBJECT=1634,-1404.66333,1514.952026,12.766357,0,0,0
OBJECT=1634,-1400.892578,1514.921143,12.766357,0,0,0

; Format:
; 	PICKUPREPAIR=x,y,z
; 	PICKUPNITRO=x,y,z
; 	PICKUPVEHICLE=vehicletype,x,y,z
PICKUPNITRO=-1404.463135,1249.313354,203.598892
