Name=To the batmobile
Author=Tyoson
MinLevel=7
JoinCost=3500

; The location of the waiting checkpoint.
; WaitLocation=waitx,waity,waitz
WaitLocation=-2181.6873,-2237.6575,30.7195

RunTime=300
WinBaseXP=160000
WinBaseCash=160000
Time=7:0
Weather=0

; Vehicle Model to race with. Other models: 0=No vehicle, -1=Any vehicle
Vehicle=571

; Checkpoints
; Type=0 is a normal checkpoint
; Type=1 is an air checkpoint
; The params type and size are optional
; Format: CP=x,y,z,type,size
CP=-2331.761475,-1589.880127,482.677032,0,6.0,539
CP=-2283.031494,-1688.297119,480.116058,0,6.0
CP=-2231.009033,-1740.935303,484.937378,0,0.0
CP=-2222.853516,-1788.920776,468.304199,1,15.0
CP=-2339.486328,-1947.344238,309.610901,1,15.0
CP=-2391.188721,-1982.064087,306.917389,1,15.0
CP=-2415.946533,-2021.573242,278.323639,1,15.0
CP=-2506.250000,-2071.378418,168.274811,1,15.0
CP=-2567.439209,-2147.142578,79.555397,1,15.0
CP=-2640.563965,-2237.107666,42.219658,1,15.0
CP=-2649.805420,-2279.633057,4.797497,0,9.0
CP=-2604.510254,-2324.880371,10.133873,0,9.0
CP=-2525.670410,-2484.361816,39.067841,0,9.0
CP=-2431.353271,-2665.427002,67.819061,0,9.0
CP=-2358.308838,-2750.379883,33.116398,0,9.0
CP=-2366.706055,-2744.036865,8.865900,0,13.5
CP=-2292.988770,-2803.656738,18.029022,0,13.5
CP=-2230.656982,-2858.513672,0.215746,0,13.5
CP=-2055.522949,-2893.025391,0.309293,0,13.5
CP=-1920.018677,-2860.759033,0.265806,0,13.5
CP=-1882.819824,-2751.076904,11.871424,0,13.5

; Spawn Points
; If there are no spawn points, races will just be given their vehicle at the checkpoint
; Format: SPAWN=x,y,z,rotz
SPAWN=-2402.961914,-1625.404053,518.382935,288.0
SPAWN=-2402.729248,-1628.035400,519.293762,288.0
SPAWN=-2404.261963,-1620.262695,516.782837,288.0
SPAWN=-2404.309570,-1617.450928,515.766785,288.0
SPAWN=-2404.964355,-1614.677979,514.893921,286.0
SPAWN=-2405.507324,-1611.906006,513.997681,286.0
SPAWN=-2406.308838,-1608.836182,513.047729,286.0
SPAWN=-2403.649902,-1623.837891,513.047729,286.0
SPAWN=-2403.560059,-1622.749634,517.541260,288.0

; Objects
; The last param (viewdistance) is optional
; Format: OBJECT=modelid,x,y,z,rotx,roty,rotz,viewdistance
OBJECT=1632,-1896.529785,-2796.774170,1.254665,0.0,0.0,347.96791
OBJECT=1225,-1898.014404,-2788.865479,1.180299,0.0,0.0,0.0
OBJECT=1225,-1897.946655,-2786.961182,1.568213,0.0,0.0,0.0
OBJECT=1225,-1897.077148,-2786.208740,1.437511,0.0,0.0,0.0
OBJECT=1225,-1895.867554,-2786.036133,1.214892,0.0,0.0,0.0
OBJECT=1225,-1895.225464,-2786.820068,0.764558,0.0,0.0,0.0
OBJECT=1225,-1894.175659,-2787.118408,0.214123,0.0,0.0,0.0
OBJECT=1225,-1896.808960,-2780.172852,3.663918,0.0,0.0,0.0
OBJECT=1225,-1904.199219,-2782.310059,4.002145,0.0,0.0,0.0
OBJECT=1225,-1899.399048,-2781.979980,3.426492,0.0,0.0,0.0
OBJECT=1225,-1893.008179,-2780.818359,2.513814,0.0,0.0,0.0

; Pickups
; Format:
;	PICKUPREPAIR=x,y,z
;	PICKUPNITRO=x,y,z
;	PICKUPVEHICLE=vehicletype,x,y,z
