Name=Water Roads
Author=Mouldy
MinLevel=6
JoinCost=3500

; The location of the waiting checkpoint.
; WaitLocation=waitx,waity,waitz
WaitLocation=2859.193359,-1979.735352,10.415321

RunTime=600
WinBaseXP=55000
WinBaseCash=60000

; Vehicle Model to race with. Other models: 0=No vehicle, -1=Any vehicle
Vehicle=495
VehicleComponents=1010,1087

; Checkpoints
; Type=0 is a normal checkpoint
; Type=1 is an air checkpoint
; Format: CP#=x,y,z,type,size
CP=2843.151611,-1985.270752,10.409616
CP=2852.455566,-2066.002930,10.580200
CP=2940.519531,-2075.506592,0.500661
CP=3022.845459,-2075.821289,0.492851
CP=3101.645264,-2033.096436,0.496588
CP=3102.417725,-1854.145142,5.865006
CP=3142.544678,-1763.467651,16.405703
CP=3273.491943,-1821.497803,10.774984
CP=3274.217529,-2002.296631,0.508134
CP=3197.853027,-2076.623047,0.504063
CP=2964.005859,-2085.604980,0.500663
CP=2964.109619,-2067.450439,0.500659
CP=3091.262695,-2075.478516,0.496588
CP=3333.760010,-2075.044189,0.504063

OBJECT=8357,3015.8511,-2077.7483,0.0287,0.0000,0.0000,90.0000,300.0
OBJECT=8357,3102.2729,-1991.3319,0.0325,0.0000,0.0000,180.0000,300.0
OBJECT=8357,3102.3291,-1891.1422,0.0362,351.4056,0.0000,180.0000,300.0
OBJECT=8357,3188.7830,-1765.8621,15.9416,0.0000,0.0000,90.0000,300.0
OBJECT=8357,3275.0513,-1890.9176,0.0460,351.4056,0.0000,180.0000,300.0
OBJECT=8357,3274.9541,-1991.2274,0.0362,0.0000,0.0000,180.0000,300.0
OBJECT=8357,3227.8271,-2077.8860,0.0400,0.0000,0.0000,90.0000,300.0
OBJECT=1696,2970.1807,-2077.2297,0.9453,0.0000,0.0000,270.0000,300.0
