Name=Wavy Roads
MinLevel=6
JoinCost=3500

; The location of the waiting checkpoint.
; WaitLocation=waitx,waity,waitz
WaitLocation=2856.786865,-1980.730468,11.308795

RunTime=600
WinBaseXP=180000
WinBaseCash=120000

; Vehicle Model to race with. Other models: 0=No vehicle, -1=Any vehicle
Vehicle=495
VehicleComponents=1010,1087

; Checkpoints
; Type=0 is a normal checkpoint
; Type=1 is an air checkpoint
; Format: CP#=x,y,z,type,size
CP0=2836.898193,-2017.290039,11.305144
CP1=2860.249511,-2069.828369,11.540055
CP2=2984.117675,-2074.434326,1.472536
CP3=3076.905517,-2014.086791,1.468673
CP4=3084.960205,-1760.141601,1.450974
CP5=3161.047607,-1441.165039,14.150831
CP6=3257.461669,-1543.250732,14.132489
CP7=3181.074218,-1680.403076,14.100336
CP8=3049.618408,-1776.521606,14.097776
CP9=3135.892089,-1895.005615,14.126483
CP10=3213.695800,-1991.181884,7.855818
CP11=3139.632324,-2076.775390,1.497037
CP12=3086.631591,-1960.540283,1.468276
CP13=3087.752929,-1727.136840,1.450809
CP14=3157.180175,-1439.881591,14.145921
CP15=3253.937744,-1555.273681,14.138391
CP16=3214.320068,-1687.143676,14.094089
CP17=3089.498535,-1772.848144,1.455803
CP18=3083.487304,-1917.614013,1.472637
CP19=3159.939208,-2072.448486,1.491277
CP20=3216.746337,-1991.266601,7.847980
CP21=3124.032470,-1908.228515,14.134908
CP22=3047.909179,-1789.865234,14.097871
CP23=3147.796875,-1692.773315,14.093984
CP24=3255.417236,-1573.974609,14.142736
CP25=3175.097167,-1445.282348,14.154536
CP26=3088.648925,-1572.756469,7.391723
CP27=3085.247802,-1738.820556,1.446147
CP28=3084.179931,-1956.312011,1.469069
CP29=3171.346679,-2072.929687,1.490313
CP30=3306.349365,-2075.871582,1.489367
