
Name=Llamas Monster Derby
Author=Llama
MinLevel=20
JoinCost=2500

; The location of the waiting checkpoint.
; WaitLocation=waitx,waity,waitz
WaitLocation=-1806.6038,537.6803,35.1668

RunTime=500
WinMultiplierXP=1000
WinMultiplierCash=2000
Weather=9

; Vehicle Model to race with. Other models: 0=No vehicle, -1=Any vehicle
Vehicle=556

; Boundaries
BoundRectangle=1898.4797,-2415.3916,150.0,2167.9727,-2585.9067,250.0

; Spawn Points
; If there are no spawn points, races will just be given their vehicle at the checkpoint
; Format: SPAWN=x,y,z,rotz
SPAWN=1990.174927,-2511.347412,194.038483,22.0
SPAWN=1927.543701,-2501.157227,194.041687,282.0
SPAWN=2035.876099,-2465.249023,194.041550,112.0
SPAWN=1971.918335,-2454.797119,194.038483,204.0
SPAWN=1982.503662,-2480.750977,194.038498,22.0
SPAWN=1947.525757,-2475.598145,194.038483,316.0
SPAWN=1958.871338,-2506.376709,194.041687,271.0
SPAWN=2015.675171,-2494.385742,194.091797,360.0
SPAWN=2047.970215,-2476.964600,194.088608,168.0
SPAWN=2056.178711,-2506.461426,194.088608,360.0
SPAWN=2115.068359,-2493.536865,194.041931,101.0
SPAWN=2094.506104,-2517.698975,194.038727,360.0
SPAWN=2139.706543,-2560.296631,194.002258,360.0
SPAWN=2074.456299,-2537.140869,194.002258,338.0

; Objects
; The last param (viewdistance) is optional
; Format: OBJECT=modelid,x,y,z,rotx,roty,rotz,viewdistance
OBJECT=10871,1967.649292,-2495.767822,141.467255,0.0,0.0,168.75007
OBJECT=10871,1993.712769,-2470.249023,141.467117,0.0,0.0,348.74997
OBJECT=10871,2024.737793,-2512.675537,141.517365,0.0,0.0,44.99997
OBJECT=10871,2075.933105,-2508.354248,141.467499,0.0,0.0,101.24997
OBJECT=10871,2102.192139,-2535.204102,141.427826,0.0,0.0,44.99997
OBJECT=2780,1968.925049,-2449.415771,186.731033,0.0,0.0,0.0
OBJECT=2780,1921.802612,-2502.502441,191.656494,0.0,0.0,0.0
OBJECT=2780,2065.817383,-2485.179932,191.942413,0.0,0.0,0.0
OBJECT=2780,2096.597412,-2493.497559,193.554169,0.0,0.0,0.0
OBJECT=2780,2067.278564,-2486.479492,193.127777,0.0,0.0,0.0
OBJECT=2780,2048.489502,-2521.486084,192.840012,0.0,0.0,0.0
OBJECT=2780,2040.930542,-2493.848877,193.489899,0.0,0.0,0.0
OBJECT=2780,2017.147095,-2514.219482,193.711777,0.0,0.0,0.0
OBJECT=2780,2018.638062,-2473.373779,193.472931,0.0,0.0,0.0
OBJECT=2780,1998.641724,-2493.466309,193.719894,0.0,0.0,0.0
OBJECT=2780,1985.758423,-2465.096436,194.356339,0.0,0.0,0.0
OBJECT=2780,1974.998535,-2499.274170,194.298248,0.0,0.0,0.0
OBJECT=2780,1942.088989,-2494.122803,193.385605,0.0,0.0,0.0
OBJECT=2780,1963.380615,-2472.228516,192.911194,0.0,0.0,0.0
OBJECT=2780,2114.073242,-2514.230957,192.743225,0.0,0.0,0.0
OBJECT=2780,2123.955078,-2545.072021,191.883438,0.0,0.0,0.0
OBJECT=2780,2094.841797,-2537.352539,193.084381,0.0,0.0,0.0
OBJECT=2780,2073.180176,-2515.677246,193.272629,0.0,0.0,0.0

; Pickups
; Format:
;	PICKUPREPAIR=x,y,z
;	PICKUPNITRO=x,y,z
;	PICKUPVEHICLE=vehicletype,x,y,z
