; Converted Thu, 07 Jan 10 12:24:46 +1100

; The location of the waiting checkpoint. WaitLocation=x,y,z,interior
WaitLocation=1398.584473,1654.287109,11.562309
MinLevel=0
JoinCost=3000
WinMultiplierXP=2000
WinMultiplierCash=2000

Name=Mouldy's arena
Author=Mouldy
Description=Jeeps on fire
RunTime=1000
Weather=
Time=12

; Vehicle Model to race with. Other models: 0=No vehicle, -1=Any vehicle
Vehicle=500

; Boundaries, the furthest a player can get away from a point.
; Bounds=centrex,centrey,centrez,radius
Bounds=1467.24829018,1623.35157479,20.0879917998,1654.287109

; If there are no spawn points, races will just be given their vehicle at the checkpoint
; vehicletype param is optional.
; Format: SPAWN=x,y,z,rotz,vehicletype
SPAWN=1398.584473,1654.287109,11.562309,360
SPAWN=1409.661621,1673.572388,11.671939,67
SPAWN=1487.542236,1679.669922,11.671939,349
SPAWN=1497.5448,1608.769409,11.671939,56
SPAWN=1449.230347,1535.238892,13.671939,56
SPAWN=1447.123779,1511.63916,19.17194,22
SPAWN=1393.514404,1629.019287,11.42194,22
SPAWN=1432.229126,1692.362793,11.42194,146
SPAWN=1472.717773,1707.627197,12.646936,157
SPAWN=1501.258911,1651.361816,12.646936,192
SPAWN=1457.764038,1569.529541,12.646936,135
SPAWN=1413.275146,1586.99646,11.721951,45
SPAWN=1398.409302,1606.016357,11.721951,192

; Format: OBJECT=modelid,x,y,z,rotx,roty,rotz
OBJECT=10955,1446.728638,1626.820068,-1.365461,0,0,270.000049375
OBJECT=10955,1446.529419,1625.813721,-1.363077,0,0,180.000041454
OBJECT=13607,1446.888306,1626.546631,17.436512,0,0,0
OBJECT=13599,1446.248413,1698.638672,16.0718,0,0,89.999950625
OBJECT=13608,1446.860596,1627.446045,25.920689,0,0,89.999950625
OBJECT=13598,1446.175171,1624.714233,39.148643,0,0,89.999950625
OBJECT=2456,1442.039795,1764.749268,19.469257,0,0,0
OBJECT=2456,1436.868774,1481.696289,19.467564,0,0,180.000041454
OBJECT=2456,1353.758545,1635.572632,19.467564,0,0,67.5001031731
OBJECT=2456,1537.358643,1633.555054,19.473801,0,0,90.0000908294

; Format:
; 	PICKUPREPAIR=x,y,z
; 	PICKUPNITRO=x,y,z
; 	PICKUPVEHICLE=vehicletype,x,y,z
PICKUPNITRO=1489.660034,1589.535278,11.955976
PICKUPNITRO=1478.834961,1679.074463,11.426924
PICKUPNITRO=1422.519165,1682.432983,12.951939
PICKUPNITRO=1401.741455,1647.625,11.951939
PICKUPNITRO=1434.102295,1573.491333,11.626932
PICKUPVEHICLE=520,1447.341187,1627.151245,20.566423