; Converted Sun, 17 Jan 10 20:59:12 +1100

; The location of the waiting checkpoint. WaitLocation=x,y,z,interior
WaitLocation=1482.904297,1833.827637,10.482718
MinLevel=0
JoinCost=2000
WinMultiplierXP=1000
WinMultiplierCash=2000

Name=Chilliad Crash-Test Challenge
Author=Phoenix
Description=
RunTime=1000
Weather=
Time=

; Vehicle Model to race with. Other models: 0=No vehicle, -1=Any vehicle
Vehicle=556

; Boundaries, the furthest a player can get away from a point.
; Bounds=centrex,centrey,centrez,radius
Bounds=-2327.44249822,-1619.42071641,474.586655194,2351.428955

; If there are no spawn points, races will just be given their vehicle at the checkpoint
; vehicletype param is optional.
; Format: SPAWN=x,y,z,rotz,vehicletype
SPAWN=-2351.428955,-1644.616943,484.019653,305
SPAWN=-2337.426514,-1666.80542,483.671692,350
SPAWN=-2310.403809,-1677.532227,486.132813,360
SPAWN=-2297.88208,-1660.229004,483.413635,78
SPAWN=-2295.024658,-1639.69873,483.916351,78
SPAWN=-2299.12915,-1629.108276,483.981049,100
SPAWN=-2299.353027,-1613.643799,484.117493,167
SPAWN=-2328.658203,-1577.587036,483.654236,204
SPAWN=-2340.693115,-1589.22229,483.981689,238
SPAWN=-2352.976318,-1633.194946,483.910553,282

; Format: OBJECT=modelid,x,y,z,rotx,roty,rotz
OBJECT=852,-2318.711426,-1649.697388,482.691956,0,0,0
OBJECT=1227,-2303.024658,-1601.041992,483.70755,0,0,0
OBJECT=3594,-2342.60791,-1634.205933,483.459259,0,0,0
OBJECT=3593,-2308.697754,-1648.887207,483.064026,0,0,78.7499854447
OBJECT=12957,-2305.598145,-1632.201416,483.587433,0,0,0
OBJECT=13591,-2329.466309,-1639.781372,483.165436,0,0,258.750026899
OBJECT=18246,-2320.871582,-1601.910645,485.780273,2.5783092,0,168.750076274
OBJECT=18247,-2328.1875,-1599.674805,486.918365,0,0,135.000320938
OBJECT=18245,-2308.911133,-1681.214355,477.877228,0,0,270.000049375
OBJECT=3594,-2294.722168,-1626.72998,483.393829,0,0,44.9999753125
OBJECT=3593,-2352.329834,-1620.5979,483.367249,0,0,0
OBJECT=11417,-2305.787109,-1615.421143,488.629852,0,0,0
OBJECT=12957,-2337.153809,-1627.167114,483.583008,0,0,56.2499977885
OBJECT=1682,-2323.060547,-1651.938721,484.232452,0,0,326.249989868
OBJECT=3526,-2318.823486,-1639.577759,482.771545,0,0,0
OBJECT=3526,-2326.787842,-1620.13501,482.78009,0,0,0
OBJECT=3658,-2321.886719,-1643.735596,483.346649,0,0,56.2499977885
OBJECT=3882,-2295.91626,-1646.049072,483.475983,0,0,67.4999629687
OBJECT=3881,-2302.183594,-1594.482788,482.035645,0,0,348.749977524
OBJECT=4828,-2318.768066,-1635.83606,469.807343,0,0,0
OBJECT=4832,-2307.418945,-1641.360107,447.816101,0,0,326.249989868
OBJECT=8038,-2361.242432,-1606.92041,467.203735,0,0,67.4999629687
OBJECT=10763,-2311.090088,-1621.145264,456.897339,0,0,236.250096539
OBJECT=3881,-2331.562988,-1618.009521,488.414673,0,0,67.4999629687
